0,1
1,1
2,1
3,1
4,1
5,1
6,1
7,1
8,1
9,1
10,1
11,1
12,1
13,1
14,1
15,1
16,1
17,1
18,1
19,1
20,2
21,2
22,2
23,2
24,2
25,2
26,2
27,2
28,2
29,3
30,3
31,3
32,3
33,4
34,4
35,4
36,4
37,4
38,4
39,4
40,4
41,4
42,5
43,5
44,6
45,6
46,6
47,6
48,6
49,6
50,6
51,6
52,6
53,6
54,6
55,6
56,6
57,6
58,6
59,6
60,6
61,6
62,6
63,6
64,6
65,6
66,6
67,6
68,6
69,6
70,6
71,7
72,7
73,7
74,7
75,8
76,8
77,9
78,9
79,9
80,9
81,9
82,9
83,9
84,9
85,9
86,9
87,9
88,9
89,10
90,10
91,10
92,10
93,10
94,10
95,11
96,11
97,11
98,11
99,11
100,11
101,11
102,11
103,11
104,12
105,12
106,12
107,12
108,12
109,12
110,12
111,12
112,12
113,12
114,12
115,12
116,13
117,13
118,13
119,13
120,13
121,14
122,14
123,14
124,14
125,14
126,14
127,14
128,14
129,14
130,14
131,14
132,14
133,14
134,14
135,14
136,14
137,15
138,15
139,15
140,15
141,15
142,15
143,16
144,16
145,16
146,16
147,16
148,17
149,17
150,17
151,17
152,17
153,17
154,17
155,18
156,18
157,18
158,18
159,18
160,18
161,18
162,18
163,19
164,19
165,19
166,19
167,19
168,20
169,20
170,20
171,20
172,20
173,20
174,20
175,20
176,20
177,20
178,20
179,20
180,20
181,21
182,21
183,21
184,21
185,21
186,21
187,22
188,22
189,22
190,22
191,22
192,22
193,22
194,22
195,22
196,23
197,23
198,23
199,23
200,23
201,23
202,23
203,23
204,23
205,23
206,23
207,23
208,23
209,23
210,23
211,23
212,23
213,23
214,24
215,24
216,24
217,24
218,24
219,24
220,24
221,24
222,24
223,24
224,24
225,24
226,24
227,24
228,24
229,24
230,24
231,24
232,24
233,24
234,24
235,24
236,24
237,24
238,24
239,24
240,24
241,25
242,25
243,25
244,25
245,25
246,25
247,25
248,25
249,25
250,25
