1,2
1,5
1,10
1,21
1,25
1,31
1,55
1,58
1,61
1,74
1,86
1,97
1,98
1,103
1,108
1,111
1,127
1,131
1,136
1,137
1,143
1,148
1,150
1,158
1,164
1,166
1,170
1,172
1,175
1,177
1,180
1,181
1,182
1,184
1,194
1,198
1,200
1,203
1,204
1,205
1,208
1,209
1,213
1,216
1,224
1,225
1,240
1,241
1,243
1,258
1,266
1,267
1,268
1,274
1,284
1,288
1,289
1,290
1,292
1,294
1,295
1,310
1,311
1,318
1,328
1,329
1,350
1,359
1,360
1,364
1,365
1,367
1,370
1,380
1,382
1,390
1,403
1,405
1,407
1,413
1,416
1,419
1,420
1,421
1,426
1,431
1,432
1,434
1,448
1,449
1,456
1,458
1,464
1,473
1,476
1,478
1,493
1,505
1,510
1,511
1,519
1,525
1,529
1,530
1,531
1,533
1,535
1,540
1,544
1,547
1,548
1,551
1,557
1,560
1,562
1,566
1,567
1,586
1,595
1,605
1,608
1,610
1,611
1,612
1,616
1,619
1,626
1,627
1,632
1,635
1,637
1,638
1,640
1,643
1,647
1,662
1,675
1,676
1,678
1,684
1,687
1,691
1,692
1,694
1,699
1,702
1,703
1,704
1,705
1,712
1,726
1,727
1,728
1,747
1,755
1,756
1,757
1,763
1,767
1,769
1,770
1,773
1,776
1,778
1,782
1,783
1,784
1,789
1,792
1,798
1,799
1,800
1,802
1,805
1,809
1,812
1,814
1,818
1,824
1,832
1,836
1,837
1,838
1,845
1,853
1,858
1,859
1,861
1,865
1,870
1,877
1,879
1,884
1,890
1,906
1,914
1,918
1,927
1,928
1,929
1,931
1,932
1,936
1,938
1,953
1,954
1,960
1,978
1,982
1,984
1,986
1,989
1,999
1,1004
1,1005
1,1012
1,1017
1,1021
1,1022
1,1023
1,1024
1,1034
1,1038
1,1046
1,1053
1,1078
1,1079
1,1090
1,1097
1,1099
1,1107
1,1108
1,1113
1,1115
1,1132
1,1149
1,1153
1,1166
1,1176
1,1178
1,1181
1,1184
1,1189
1,1193
1,1195
1,1217
1,1219
1,1231
1,1236
1,1249
1,1254
1,1257
1,1259
1,1268
1,1279
1,1288
1,1289
1,1292
1,1299
1,1301
1,1303
1,1307
1,1316
1,1327
1,1345
1,1356
1,1369
1,1370
1,1390
1,1398
1,1400
1,1412
1,1422
1,1426
1,1436
1,1442
1,1446
1,1460
1,1463
1,1469
1,1475
1,1482
1,1496
1,1497
1,1500
1,1502
1,1503
1,1506
1,1512
1,1513
1,1516
1,1519
1,1523
1,1542
1,1545
1,1558
1,1561
1,1564
1,1567
1,1601
1,1611
1,1627
1,1638
1,1640
1,1643
1,1651
1,1652
1,1664
1,1667
1,1669
1,1678
1,1685
1,1687
1,1697
1,1698
1,1699
1,1710
1,1713
1,1722
1,1725
1,1747
1,1754
1,1762
1,1763
1,1768
1,1772
1,1782
1,1790
1,1796
1,1810
1,1811
1,1832
1,1834
1,1841
1,1842
1,1857
1,1868
1,1877
1,1895
1,1918
1,1921
1,1927
1,1929
1,1936
1,1944
1,1956
1,1960
1,1971
1,1991
1,1996
1,1008
1,1013
1,1033
2,6
2,8
2,9
2,11
2,16
2,19
2,24
2,33
2,42
2,44
2,45
2,49
2,60
2,66
2,72
2,73
2,84
2,86
2,87
2,89
2,92
2,96
2,98
2,107
2,112
2,116
2,117
2,119
2,120
2,122
2,134
2,136
2,137
2,139
2,142
2,144
2,147
2,149
2,153
2,155
2,159
2,164
2,165
2,167
2,169
2,172
2,173
2,177
2,182
2,184
2,185
2,199
2,202
2,207
2,212
2,213
2,215
2,216
2,218
2,221
2,222
2,228
2,229
2,231
2,233
2,234
2,237
2,238
2,241
2,243
2,248
2,256
2,257
2,260
2,261
2,266
2,268
2,269
2,270
2,272
2,277
2,279
2,281
2,282
2,299
2,300
2,310
2,313
2,315
2,319
2,323
2,324
2,325
2,329
2,331
2,333
2,340
2,341
2,345
2,346
2,354
2,355
2,356
2,368
2,373
2,376
2,378
2,383
2,388
2,390
2,394
2,397
2,400
2,404
2,410
2,415
2,419
2,425
2,427
2,429
2,430
2,431
2,437
2,438
2,439
2,442
2,443
2,447
2,448
2,456
2,458
2,459
2,460
2,464
2,466
2,467
2,471
2,479
2,480
2,484
2,486
2,488
2,497
2,498
2,501
2,502
2,504
2,507
2,508
2,512
2,514
2,516
2,532
2,533
2,534
2,537
2,539
2,541
2,543
2,544
2,549
2,554
2,560
2,564
2,573
2,574
2,575
2,577
2,588
2,590
2,592
2,595
2,597
2,603
2,604
2,606
2,607
2,611
2,612
2,613
2,617
2,622
2,626
2,627
2,629
2,630
2,632
2,635
2,636
2,638
2,639
2,642
2,643
2,645
2,649
2,651
2,653
2,654
2,664
2,667
2,668
2,670
2,676
2,677
2,680
2,681
2,683
2,686
2,688
2,691
2,694
2,696
2,700
2,701
2,703
2,705
2,706
2,708
2,709
2,710
2,716
2,721
2,722
2,725
2,739
2,740
2,742
2,745
2,746
2,747
2,748
2,750
2,751
2,752
2,758
2,761
2,762
2,767
2,786
2,788
2,789
2,796
2,797
2,800
2,805
2,812
2,813
2,819
2,821
2,825
2,828
2,830
2,832
2,837
2,839
2,841
2,842
2,843
2,845
2,848
2,854
2,856
2,857
2,860
2,861
2,866
2,868
2,872
2,874
2,876
2,878
2,882
2,884
2,886
2,902
2,905
2,907
2,914
2,919
2,923
2,924
2,927
2,929
2,935
2,936
2,941
2,945
2,948
2,950
2,954
2,955
2,962
2,966
2,973
2,978
2,981
2,982
2,985
2,986
2,991
2,993
2,996
2,1029
2,1046
2,1052
2,1101
2,1139
2,1156
2,1161
2,1183
2,1220
2,1221
2,1223
2,1227
2,1239
2,1246
2,1387
2,1407
2,1410
2,1485
2,1497
2,1525
2,1529
2,1533
2,1564
2,1565
2,1577
2,1581
2,1588
2,1593
2,1611
2,1640
2,1646
2,1657
2,1663
2,1666
2,1688
2,1691
2,1765
2,1783
2,1817
2,1827
2,1839
2,1840
2,1873
2,1911
2,1917
2,1958
2,1967
2,1981
2,1050
2,1054
2,1057
3,2
3,3
3,4
3,19
3,20
3,21
3,22
3,24
3,39
3,42
3,45
3,48
3,49
3,51
3,52
3,54
3,55
3,62
3,65
3,66
3,72
3,73
3,74
3,76
3,78
3,86
3,90
3,93
3,98
3,102
3,109
3,110
3,113
3,116
3,119
3,120
3,127
3,128
3,132
3,135
3,140
3,146
3,149
3,151
3,154
3,156
3,162
3,164
3,173
3,181
3,188
3,189
3,190
3,195
3,196
3,199
3,202
3,204
3,206
3,215
3,221
3,224
3,226
3,227
3,236
3,237
3,238
3,240
3,241
3,253
3,255
3,257
3,263
3,265
3,266
3,271
3,275
3,284
3,286
3,289
3,291
3,296
3,298
3,299
3,304
3,311
3,312
3,313
3,314
3,321
3,341
3,342
3,344
3,346
3,347
3,351
3,358
3,359
3,360
3,362
3,364
3,372
3,373
3,374
3,375
3,382
3,392
3,393
3,395
3,401
3,402
3,406
3,410
3,414
3,422
3,423
3,430
3,431
3,437
3,439
3,443
3,444
3,445
3,446
3,453
3,456
3,472
3,481
3,484
3,485
3,486
3,490
3,491
3,492
3,494
3,495
3,496
3,497
3,498
3,500
3,501
3,502
3,508
3,511
3,513
3,523
3,526
3,538
3,540
3,542
3,549
3,553
3,556
3,559
3,566
3,577
3,579
3,580
3,582
3,590
3,591
3,592
3,593
3,596
3,609
3,617
3,620
3,622
3,629
3,638
3,640
3,642
3,646
3,651
3,660
3,666
3,669
3,671
3,690
3,701
3,702
3,705
3,717
3,721
3,724
3,734
3,735
3,741
3,742
3,745
3,747
3,748
3,749
3,752
3,753
3,757
3,758
3,760
3,761
3,764
3,770
3,774
3,775
3,779
3,782
3,784
3,796
3,798
3,806
3,809
3,810
3,826
3,839
3,843
3,847
3,852
3,862
3,866
3,871
3,873
3,877
3,879
3,883
3,891
3,897
3,899
3,902
3,905
3,910
3,912
3,916
3,918
3,919
3,921
3,935
3,939
3,945
3,948
3,951
3,953
3,957
3,958
3,968
3,971
3,977
3,979
3,993
3,995
3,996
3,998
3,1000
3,1004
3,1005
3,1011
3,1019
3,1022
3,1046
3,1051
3,1074
3,1075
3,1079
3,1080
3,1083
3,1086
3,1091
3,1096
3,1115
3,1131
3,1139
3,1163
3,1167
3,1181
3,1182
3,1204
3,1207
3,1208
3,1211
3,1230
3,1232
3,1238
3,1239
3,1240
3,1242
3,1247
3,1269
3,1278
3,1281
3,1282
3,1290
3,1295
3,1342
3,1347
3,1360
3,1362
3,1367
3,1372
3,1384
3,1400
3,1401
3,1409
3,1425
3,1438
3,1440
3,1454
3,1455
3,1488
3,1489
3,1505
3,1506
3,1514
3,1530
3,1554
3,1576
3,1594
3,1608
3,1610
3,1640
3,1670
3,1672
3,1676
3,1681
3,1693
3,1695
3,1705
3,1743
3,1746
3,1747
3,1752
3,1778
3,1785
3,1795
3,1806
3,1816
3,1820
3,1829
3,1830
3,1844
3,1846
3,1855
3,1876
3,1878
3,1908
3,1909
3,1913
3,1927
3,1937
3,1943
3,1955
3,1963
3,1969
3,1103
3,1110
3,1121
4,1
4,2
4,11
4,12
4,16
4,23
4,29
4,31
4,34
4,36
4,38
4,46
4,50
4,55
4,56
4,57
4,62
4,65
4,67
4,69
4,71
4,74
4,76
4,80
4,84
4,94
4,100
4,106
4,108
4,111
4,121
4,125
4,130
4,135
4,138
4,143
4,148
4,150
4,152
4,153
4,159
4,170
4,171
4,173
4,176
4,178
4,179
4,181
4,184
4,187
4,190
4,196
4,199
4,203
4,206
4,208
4,211
4,214
4,219
4,229
4,233
4,234
4,236
4,237
4,240
4,241
4,243
4,247
4,249
4,254
4,258
4,260
4,261
4,262
4,263
4,265
4,267
4,268
4,273
4,276
4,278
4,280
4,281
4,282
4,284
4,293
4,297
4,303
4,306
4,310
4,313
4,314
4,319
4,323
4,327
4,328
4,329
4,331
4,333
4,335
4,340
4,346
4,348
4,353
4,354
4,359
4,360
4,361
4,381
4,384
4,389
4,396
4,406
4,407
4,410
4,415
4,420
4,421
4,425
4,429
4,440
4,447
4,463
4,467
4,470
4,473
4,479
4,483
4,492
4,495
4,501
4,511
4,512
4,515
4,520
4,522
4,524
4,531
4,532
4,533
4,536
4,542
4,544
4,547
4,550
4,552
4,557
4,558
4,561
4,562
4,567
4,571
4,572
4,574
4,576
4,584
4,591
4,592
4,600
4,613
4,625
4,628
4,640
4,645
4,650
4,653
4,659
4,660
4,664
4,668
4,672
4,675
4,677
4,681
4,682
4,683
4,686
4,689
4,695
4,698
4,703
4,705
4,716
4,720
4,721
4,722
4,724
4,726
4,729
4,731
4,735
4,739
4,740
4,745
4,746
4,747
4,749
4,750
4,752
4,755
4,756
4,757
4,767
4,769
4,770
4,773
4,779
4,787
4,788
4,790
4,795
4,802
4,803
4,804
4,815
4,824
4,833
4,835
4,836
4,837
4,841
4,844
4,845
4,853
4,856
4,859
4,860
4,861
4,863
4,865
4,866
4,875
4,876
4,883
4,886
4,888
4,892
4,893
4,898
4,900
4,909
4,917
4,918
4,922
4,926
4,929
4,954
4,956
4,959
4,960
4,961
4,971
4,972
4,982
4,983
4,1000
4,1019
4,1034
4,1035
4,1047
4,1058
4,1062
4,1072
4,1074
4,1091
4,1093
4,1098
4,1112
4,1113
4,1124
4,1132
4,1136
4,1147
4,1149
4,1152
4,1154
4,1159
4,1164
4,1184
4,1186
4,1188
4,1199
4,1207
4,1215
4,1226
4,1234
4,1239
4,1247
4,1261
4,1269
4,1310
4,1312
4,1317
4,1323
4,1338
4,1345
4,1355
4,1366
4,1370
4,1373
4,1374
4,1381
4,1440
4,1444
4,1491
4,1494
4,1495
4,1496
4,1504
4,1522
4,1536
4,1552
4,1563
4,1567
4,1576
4,1578
4,1579
4,1606
4,1609
4,1611
4,1673
4,1682
4,1685
4,1708
4,1714
4,1716
4,1725
4,1747
4,1756
4,1758
4,1760
4,1775
4,1795
4,1803
4,1805
4,1825
4,1830
4,1856
4,1887
4,1896
4,1911
4,1928
4,1931
4,1934
4,1935
4,1945
4,1962
4,1991
4,1995
4,1997
4,1126
4,1144
4,1187
5,7
5,23
5,28
5,31
5,38
5,39
5,45
5,46
5,47
5,48
5,56
5,60
5,67
5,73
5,74
5,76
5,78
5,80
5,88
5,89
5,92
5,99
5,107
5,113
5,124
5,125
5,126
5,129
5,137
5,153
5,156
5,165
5,175
5,176
5,183
5,194
5,201
5,202
5,207
5,209
5,210
5,211
5,220
5,223
5,224
5,234
5,235
5,238
5,241
5,242
5,245
5,251
5,255
5,259
5,265
5,267
5,268
5,275
5,280
5,281
5,285
5,287
5,288
5,291
5,300
5,301
5,302
5,306
5,307
5,309
5,310
5,312
5,314
5,322
5,328
5,329
5,335
5,337
5,340
5,341
5,363
5,364
5,368
5,370
5,378
5,384
5,391
5,392
5,397
5,403
5,411
5,412
5,415
5,418
5,420
5,422
5,424
5,428
5,436
5,443
5,444
5,445
5,450
5,452
5,461
5,464
5,465
5,469
5,472
5,480
5,485
5,486
5,493
5,503
5,506
5,507
5,513
5,515
5,516
5,519
5,525
5,534
5,535
5,539
5,540
5,543
5,547
5,551
5,552
5,554
5,558
5,572
5,575
5,583
5,586
5,588
5,604
5,605
5,615
5,617
5,619
5,623
5,645
5,646
5,647
5,648
5,650
5,651
5,653
5,659
5,665
5,666
5,668
5,679
5,682
5,686
5,705
5,707
5,709
5,718
5,721
5,727
5,728
5,734
5,737
5,738
5,744
5,749
5,752
5,753
5,758
5,761
5,764
5,765
5,770
5,776
5,786
5,791
5,793
5,795
5,796
5,800
5,803
5,804
5,814
5,818
5,823
5,831
5,833
5,841
5,847
5,848
5,862
5,863
5,864
5,869
5,875
5,883
5,891
5,894
5,897
5,899
5,906
5,910
5,915
5,920
5,923
5,925
5,932
5,933
5,934
5,946
5,950
5,952
5,961
5,964
5,974
5,976
5,1001
5,1011
5,1018
5,1023
5,1024
5,1029
5,1039
5,1048
5,1049
5,1058
5,1059
5,1062
5,1067
5,1080
5,1093
5,1094
5,1096
5,1105
5,1120
5,1130
5,1134
5,1137
5,1157
5,1174
5,1193
5,1195
5,1196
5,1198
5,1202
5,1219
5,1231
5,1234
5,1245
5,1251
5,1252
5,1254
5,1257
5,1268
5,1279
5,1283
5,1290
5,1293
5,1298
5,1307
5,1316
5,1323
5,1327
5,1335
5,1342
5,1347
5,1351
5,1395
5,1440
5,1452
5,1460
5,1462
5,1463
5,1467
5,1473
5,1477
5,1481
5,1482
5,1485
5,1493
5,1498
5,1502
5,1511
5,1512
5,1520
5,1527
5,1529
5,1541
5,1542
5,1551
5,1569
5,1572
5,1573
5,1586
5,1593
5,1599
5,1603
5,1610
5,1620
5,1629
5,1631
5,1639
5,1647
5,1650
5,1655
5,1658
5,1665
5,1667
5,1674
5,1682
5,1692
5,1701
5,1703
5,1710
5,1718
5,1722
5,1723
5,1741
5,1748
5,1764
5,1767
5,1777
5,1788
5,1791
5,1794
5,1809
5,1812
5,1817
5,1825
5,1831
5,1835
5,1860
5,1862
5,1877
5,1888
5,1893
5,1896
5,1902
5,1910
5,1912
5,1914
5,1921
5,1939
5,1962
5,1969
5,1975
5,1978
5,1981
5,1197
5,1209
5,1260
6,1
6,6
6,8
6,11
6,14
6,20
6,26
6,28
6,31
6,34
6,35
6,36
6,37
6,38
6,44
6,50
6,52
6,54
6,56
6,58
6,59
6,63
6,78
6,79
6,87
6,90
6,92
6,98
6,99
6,100
6,109
6,111
6,112
6,114
6,116
6,118
6,120
6,124
6,127
6,134
6,136
6,137
6,139
6,141
6,142
6,143
6,148
6,149
6,159
6,161
6,166
6,167
6,169
6,171
6,172
6,173
6,180
6,182
6,184
6,186
6,187
6,188
6,194
6,196
6,198
6,199
6,200
6,203
6,207
6,210
6,212
6,215
6,217
6,218
6,221
6,226
6,227
6,232
6,238
6,239
6,241
6,244
6,247
6,249
6,253
6,263
6,264
6,274
6,280
6,281
6,286
6,288
6,290
6,291
6,294
6,297
6,300
6,302
6,303
6,306
6,307
6,309
6,310
6,313
6,320
6,321
6,322
6,326
6,329
6,332
6,337
6,338
6,341
6,343
6,348
6,352
6,357
6,360
6,364
6,365
6,370
6,371
6,374
6,376
6,381
6,383
6,391
6,403
6,405
6,407
6,408
6,414
6,419
6,422
6,430
6,433
6,434
6,441
6,442
6,444
6,448
6,449
6,450
6,454
6,455
6,459
6,460
6,462
6,463
6,464
6,474
6,475
6,482
6,483
6,486
6,492
6,493
6,494
6,495
6,503
6,505
6,508
6,510
6,513
6,515
6,531
6,535
6,540
6,544
6,547
6,549
6,551
6,554
6,555
6,559
6,564
6,566
6,568
6,570
6,577
6,578
6,580
6,581
6,582
6,592
6,598
6,599
6,601
6,602
6,607
6,617
6,618
6,624
6,625
6,627
6,629
6,631
6,638
6,640
6,643
6,644
6,646
6,647
6,648
6,653
6,658
6,659
6,668
6,671
6,676
6,682
6,687
6,688
6,690
6,693
6,694
6,699
6,702
6,704
6,705
6,706
6,712
6,720
6,721
6,725
6,728
6,729
6,731
6,732
6,735
6,737
6,738
6,739
6,742
6,744
6,746
6,749
6,756
6,760
6,763
6,766
6,770
6,774
6,778
6,780
6,781
6,785
6,786
6,788
6,790
6,791
6,792
6,795
6,801
6,803
6,804
6,808
6,809
6,815
6,822
6,825
6,834
6,836
6,841
6,842
6,843
6,848
6,849
6,851
6,852
6,857
6,858
6,859
6,860
6,864
6,865
6,866
6,867
6,870
6,871
6,872
6,874
6,878
6,881
6,883
6,885
6,890
6,893
6,897
6,898
6,906
6,907
6,918
6,924
6,926
6,938
6,939
6,941
6,947
6,960
6,962
6,964
6,971
6,974
6,976
6,980
6,983
6,985
6,986
6,989
6,994
6,995
6,1000
6,1018
6,1038
6,1077
6,1123
6,1212
6,1267
6,1283
6,1286
6,1298
6,1320
6,1337
6,1366
6,1404
6,1406
6,1431
6,1470
6,1485
6,1493
6,1570
6,1615
6,1650
6,1671
6,1695
6,1706
6,1769
6,1773
6,1801
6,1808
6,1813
6,1848
6,1849
6,1856
6,1897
6,1911
6,1950
6,1960
6,1983
6,1285
7,1
7,3
7,7
7,21
7,26
7,27
7,28
7,38
7,39
7,42
7,52
7,60
7,66
7,69
7,71
7,76
7,79
7,81
7,85
7,94
7,96
7,108
7,118
7,125
7,133
7,137
7,145
7,151
7,160
7,162
7,175
7,178
7,179
7,182
7,197
7,198
7,199
7,203
7,206
7,209
7,217
7,221
7,226
7,228
7,231
7,239
7,243
7,254
7,262
7,276
7,287
7,290
7,295
7,297
7,304
7,316
7,328
7,332
7,338
7,342
7,349
7,351
7,353
7,364
7,370
7,377
7,385
7,387
7,395
7,402
7,403
7,423
7,426
7,427
7,429
7,437
7,440
7,442
7,443
7,448
7,453
7,455
7,458
7,459
7,461
7,464
7,467
7,473
7,477
7,480
7,486
7,487
7,488
7,489
7,494
7,506
7,512
7,529
7,532
7,535
7,543
7,546
7,550
7,554
7,559
7,563
7,566
7,574
7,575
7,576
7,598
7,600
7,608
7,626
7,636
7,638
7,641
7,644
7,649
7,667
7,670
7,676
7,685
7,688
7,694
7,700
7,711
7,714
7,721
7,734
7,736
7,739
7,742
7,748
7,749
7,752
7,771
7,772
7,788
7,794
7,795
7,800
7,805
7,806
7,824
7,826
7,831
7,841
7,847
7,848
7,852
7,856
7,861
7,862
7,872
7,880
7,884
7,889
7,891
7,892
7,893
7,896
7,904
7,909
7,915
7,916
7,922
7,937
7,945
7,946
7,947
7,948
7,952
7,955
7,963
7,964
7,967
7,969
7,971
7,977
7,981
7,983
7,989
7,991
7,997
7,1001
7,1002
7,1017
7,1018
7,1028
7,1031
7,1034
7,1036
7,1045
7,1048
7,1049
7,1051
7,1061
7,1070
7,1075
7,1080
7,1082
7,1088
7,1099
7,1114
7,1116
7,1129
7,1137
7,1154
7,1155
7,1164
7,1165
7,1169
7,1175
7,1179
7,1181
7,1185
7,1190
7,1191
7,1199
7,1214
7,1218
7,1236
7,1242
7,1244
7,1245
7,1250
7,1253
7,1266
7,1273
7,1281
7,1289
7,1301
7,1304
7,1305
7,1308
7,1321
7,1324
7,1325
7,1331
7,1332
7,1336
7,1337
7,1338
7,1341
7,1372
7,1376
7,1380
7,1381
7,1383
7,1389
7,1394
7,1395
7,1397
7,1402
7,1403
7,1412
7,1415
7,1418
7,1424
7,1426
7,1437
7,1442
7,1446
7,1447
7,1448
7,1449
7,1452
7,1453
7,1456
7,1466
7,1470
7,1473
7,1474
7,1484
7,1486
7,1490
7,1491
7,1497
7,1505
7,1510
7,1524
7,1548
7,1550
7,1554
7,1558
7,1568
7,1569
7,1573
7,1574
7,1577
7,1580
7,1584
7,1593
7,1603
7,1606
7,1622
7,1627
7,1633
7,1640
7,1643
7,1645
7,1660
7,1667
7,1671
7,1673
7,1682
7,1683
7,1685
7,1706
7,1708
7,1712
7,1719
7,1721
7,1722
7,1734
7,1741
7,1757
7,1758
7,1759
7,1760
7,1766
7,1768
7,1771
7,1773
7,1774
7,1783
7,1798
7,1799
7,1816
7,1817
7,1846
7,1850
7,1854
7,1855
7,1856
7,1861
7,1865
7,1872
7,1901
7,1902
7,1908
7,1931
7,1946
7,1952
7,1954
7,1962
7,1964
7,1968
7,1976
7,1297
7,1300
7,1334
8,7
8,9
8,11
8,12
8,14
8,16
8,21
8,22
8,23
8,24
8,28
8,29
8,34
8,35
8,36
8,39
8,41
8,42
8,47
8,49
8,51
8,52
8,55
8,56
8,57
8,59
8,61
8,66
8,68
8,71
8,84
8,101
8,105
8,106
8,107
8,111
8,115
8,117
8,122
8,123
8,128
8,129
8,130
8,132
8,134
8,136
8,137
8,140
8,142
8,146
8,152
8,155
8,157
8,159
8,160
8,163
8,165
8,166
8,169
8,172
8,174
8,182
8,183
8,184
8,185
8,190
8,191
8,193
8,194
8,197
8,200
8,201
8,202
8,205
8,207
8,208
8,214
8,215
8,220
8,221
8,225
8,227
8,230
8,235
8,236
8,237
8,238
8,241
8,244
8,247
8,261
8,264
8,272
8,273
8,282
8,285
8,286
8,292
8,296
8,298
8,299
8,301
8,306
8,308
8,311
8,320
8,321
8,324
8,325
8,326
8,327
8,329
8,331
8,344
8,346
8,350
8,354
8,356
8,361
8,371
8,373
8,375
8,378
8,379
8,380
8,381
8,384
8,385
8,386
8,387
8,391
8,395
8,397
8,398
8,399
8,401
8,403
8,405
8,406
8,408
8,412
8,413
8,415
8,416
8,418
8,420
8,423
8,426
8,428
8,432
8,438
8,442
8,449
8,450
8,451
8,452
8,461
8,468
8,470
8,471
8,472
8,476
8,478
8,484
8,485
8,487
8,490
8,494
8,495
8,496
8,499
8,503
8,504
8,506
8,507
8,512
8,513
8,515
8,520
8,524
8,527
8,529
8,532
8,533
8,537
8,542
8,543
8,544
8,546
8,549
8,552
8,553
8,558
8,560
8,562
8,563
8,564
8,567
8,568
8,573
8,576
8,577
8,584
8,585
8,591
8,594
8,595
8,597
8,601
8,602
8,605
8,608
8,612
8,613
8,614
8,615
8,620
8,622
8,624
8,625
8,626
8,629
8,632
8,633
8,642
8,646
8,650
8,651
8,656
8,658
8,659
8,660
8,662
8,665
8,669
8,670
8,680
8,681
8,685
8,695
8,705
8,706
8,712
8,713
8,714
8,718
8,719
8,723
8,729
8,739
8,741
8,745
8,753
8,757
8,759
8,761
8,765
8,768
8,772
8,773
8,774
8,776
8,780
8,781
8,784
8,786
8,796
8,805
8,809
8,811
8,814
8,817
8,820
8,824
8,827
8,829
8,830
8,832
8,835
8,838
8,843
8,846
8,851
8,852
8,853
8,854
8,857
8,862
8,865
8,868
8,871
8,873
8,874
8,876
8,877
8,878
8,879
8,880
8,881
8,883
8,884
8,886
8,890
8,892
8,894
8,895
8,896
8,898
8,903
8,905
8,907
8,908
8,910
8,916
8,923
8,924
8,930
8,934
8,935
8,937
8,941
8,942
8,943
8,949
8,950
8,951
8,953
8,959
8,960
8,966
8,969
8,971
8,974
8,977
8,984
8,985
8,987
8,995
8,996
8,1115
8,1135
8,1164
8,1216
8,1393
8,1412
8,1507
8,1707
8,1824
8,1929
8,1987
8,1339
8,1344
8,1353
9,6
9,13
9,16
9,26
9,33
9,39
9,48
9,56
9,59
9,66
9,69
9,74
9,75
9,77
9,79
9,84
9,88
9,89
9,96
9,104
9,116
9,118
9,124
9,132
9,135
9,136
9,140
9,150
9,155
9,159
9,161
9,171
9,172
9,181
9,184
9,185
9,187
9,189
9,192
9,195
9,197
9,200
9,201
9,204
9,219
9,233
9,234
9,238
9,239
9,240
9,246
9,247
9,249
9,255
9,256
9,260
9,267
9,270
9,274
9,275
9,285
9,286
9,289
9,290
9,292
9,294
9,300
9,307
9,310
9,311
9,322
9,324
9,331
9,334
9,335
9,338
9,339
9,340
9,348
9,351
9,355
9,356
9,360
9,361
9,362
9,367
9,373
9,375
9,376
9,380
9,389
9,391
9,393
9,402
9,405
9,410
9,414
9,424
9,426
9,431
9,442
9,445
9,447
9,455
9,456
9,457
9,460
9,464
9,474
9,475
9,481
9,485
9,497
9,498
9,499
9,500
9,506
9,512
9,517
9,519
9,528
9,532
9,535
9,540
9,542
9,543
9,544
9,548
9,549
9,551
9,553
9,556
9,559
9,560
9,561
9,564
9,570
9,573
9,575
9,580
9,584
9,585
9,586
9,590
9,593
9,600
9,603
9,608
9,609
9,612
9,619
9,624
9,627
9,630
9,632
9,633
9,634
9,637
9,643
9,653
9,657
9,660
9,661
9,662
9,667
9,670
9,672
9,674
9,677
9,679
9,685
9,690
9,692
9,694
9,696
9,708
9,709
9,712
9,722
9,724
9,726
9,728
9,733
9,745
9,747
9,748
9,759
9,762
9,764
9,765
9,770
9,772
9,774
9,775
9,776
9,784
9,797
9,801
9,802
9,803
9,804
9,809
9,811
9,814
9,819
9,829
9,830
9,832
9,834
9,836
9,846
9,859
9,860
9,865
9,866
9,867
9,869
9,875
9,877
9,881
9,882
9,884
9,888
9,889
9,891
9,892
9,906
9,908
9,921
9,924
9,933
9,934
9,937
9,940
9,946
9,947
9,949
9,954
9,959
9,961
9,964
9,969
9,974
9,975
9,981
9,983
9,986
9,990
9,997
9,1011
9,1012
9,1017
9,1020
9,1026
9,1041
9,1049
9,1077
9,1088
9,1097
9,1098
9,1102
9,1134
9,1154
9,1156
9,1162
9,1171
9,1192
9,1195
9,1212
9,1213
9,1216
9,1235
9,1241
9,1270
9,1273
9,1284
9,1290
9,1292
9,1295
9,1311
9,1314
9,1320
9,1324
9,1340
9,1343
9,1352
9,1367
9,1377
9,1398
9,1400
9,1409
9,1413
9,1419
9,1433
9,1434
9,1448
9,1460
9,1482
9,1485
9,1509
9,1515
9,1526
9,1546
9,1548
9,1573
9,1578
9,1613
9,1619
9,1635
9,1640
9,1651
9,1653
9,1674
9,1681
9,1687
9,1689
9,1690
9,1696
9,1699
9,1719
9,1720
9,1729
9,1736
9,1749
9,1756
9,1759
9,1774
9,1794
9,1807
9,1813
9,1825
9,1828
9,1830
9,1842
9,1854
9,1855
9,1857
9,1862
9,1878
9,1880
9,1896
9,1913
9,1925
9,1928
9,1938
9,1943
9,1967
9,1971
9,1972
9,1990
9,1358
9,1364
9,1368
10,2
10,4
10,6
10,11
10,12
10,13
10,17
10,20
10,23
10,27
10,28
10,29
10,31
10,32
10,34
10,38
10,40
10,41
10,43
10,45
10,47
10,51
10,52
10,53
10,54
10,55
10,56
10,58
10,60
10,64
10,65
10,67
10,68
10,71
10,72
10,73
10,75
10,78
10,79
10,82
10,83
10,86
10,88
10,95
10,102
10,107
10,109
10,115
10,119
10,121
10,129
10,139
10,141
10,143
10,148
10,149
10,159
10,161
10,164
10,165
10,166
10,167
10,168
10,169
10,173
10,176
10,177
10,189
10,192
10,198
10,199
10,200
10,203
10,206
10,207
10,213
10,217
10,219
10,226
10,228
10,230
10,232
10,234
10,236
10,240
10,243
10,246
10,249
10,250
10,253
10,254
10,256
10,258
10,259
10,261
10,265
10,270
10,275
10,276
10,278
10,283
10,284
10,285
10,288
10,292
10,295
10,299
10,300
10,301
10,317
10,319
10,324
10,325
10,330
10,332
10,336
10,339
10,343
10,349
10,350
10,351
10,354
10,357
10,360
10,364
10,366
10,374
10,375
10,376
10,379
10,385
10,386
10,387
10,391
10,392
10,393
10,398
10,399
10,403
10,404
10,406
10,413
10,417
10,421
10,425
10,426
10,427
10,429
10,447
10,448
10,449
10,454
10,458
10,461
10,463
10,468
10,476
10,478
10,479
10,483
10,486
10,494
10,498
10,499
10,501
10,503
10,504
10,505
10,509
10,512
10,514
10,518
10,520
10,521
10,523
10,525
10,529
10,530
10,533
10,534
10,535
10,541
10,544
10,554
10,556
10,557
10,562
10,566
10,570
10,574
10,575
10,577
10,581
10,592
10,593
10,603
10,605
10,608
10,609
10,610
10,611
10,612
10,618
10,624
10,625
10,626
10,633
10,635
10,643
10,646
10,649
10,651
10,654
10,655
10,656
10,657
10,662
10,663
10,664
10,666
10,667
10,670
10,675
10,678
10,683
10,688
10,689
10,700
10,702
10,704
10,707
10,708
10,709
10,710
10,711
10,714
10,717
10,718
10,720
10,722
10,725
10,727
10,728
10,729
10,730
10,732
10,735
10,736
10,739
10,740
10,744
10,745
10,748
10,754
10,756
10,768
10,769
10,776
10,777
10,779
10,780
10,783
10,787
10,789
10,791
10,792
10,793
10,795
10,800
10,803
10,805
10,806
10,809
10,810
10,820
10,822
10,827
10,828
10,831
10,832
10,834
10,838
10,843
10,847
10,853
10,855
10,860
10,863
10,866
10,869
10,870
10,872
10,874
10,876
10,877
10,880
10,881
10,882
10,889
10,892
10,894
10,895
10,898
10,899
10,910
10,911
10,915
10,920
10,921
10,925
10,930
10,931
10,935
10,940
10,947
10,954
10,958
10,959
10,962
10,965
10,966
10,971
10,974
10,976
10,978
10,979
10,980
10,983
10,985
10,986
10,987
10,993
10,995
10,999
10,1000
10,1081
10,1127
10,1163
10,1205
10,1289
10,1563
10,1629
10,1662
10,1674
10,1705
10,1773
10,1780
10,1844
10,1935
10,1993
10,1420
10,1432
10,1478
11,4
11,6
11,11
11,15
11,21
11,25
11,26
11,28
11,29
11,33
11,34
11,43
11,48
11,66
11,67
11,70
11,73
11,74
11,75
11,78
11,92
11,98
11,101
11,110
11,112
11,114
11,118
11,122
11,123
11,127
11,132
11,137
11,139
11,140
11,142
11,147
11,148
11,149
11,157
11,165
11,166
11,174
11,178
11,180
11,182
11,185
11,191
11,194
11,203
11,207
11,211
11,213
11,214
11,216
11,217
11,220
11,221
11,232
11,234
11,235
11,239
11,240
11,247
11,250
11,251
11,252
11,254
11,266
11,267
11,271
11,282
11,289
11,292
11,293
11,298
11,301
11,308
11,309
11,313
11,314
11,317
11,318
11,319
11,320
11,321
11,322
11,324
11,325
11,331
11,333
11,334
11,356
11,357
11,359
11,367
11,369
11,370
11,372
11,381
11,382
11,386
11,387
11,396
11,399
11,400
11,403
11,404
11,408
11,413
11,419
11,420
11,422
11,423
11,425
11,426
11,430
11,431
11,435
11,436
11,449
11,450
11,454
11,457
11,458
11,460
11,462
11,465
11,466
11,470
11,485
11,486
11,488
11,489
11,490
11,495
11,497
11,498
11,503
11,504
11,508
11,509
11,518
11,519
11,520
11,523
11,524
11,525
11,526
11,528
11,529
11,533
11,534
11,545
11,548
11,549
11,553
11,554
11,556
11,557
11,558
11,563
11,566
11,568
11,573
11,585
11,586
11,587
11,588
11,590
11,592
11,593
11,597
11,599
11,601
11,605
11,611
11,613
11,617
11,618
11,620
11,622
11,625
11,630
11,634
11,639
11,640
11,642
11,646
11,649
11,651
11,654
11,657
11,660
11,663
11,665
11,667
11,669
11,671
11,673
11,675
11,676
11,678
11,679
11,680
11,682
11,684
11,692
11,693
11,695
11,698
11,708
11,712
11,721
11,723
11,724
11,726
11,730
11,732
11,735
11,739
11,743
11,744
11,745
11,751
11,757
11,761
11,762
11,770
11,771
11,772
11,774
11,775
11,777
11,781
11,785
11,786
11,788
11,789
11,792
11,796
11,802
11,809
11,818
11,823
11,824
11,827
11,830
11,834
11,835
11,843
11,845
11,853
11,861
11,867
11,871
11,873
11,875
11,878
11,879
11,881
11,888
11,889
11,900
11,901
11,903
11,906
11,909
11,910
11,913
11,915
11,918
11,924
11,925
11,926
11,927
11,933
11,934
11,935
11,937
11,939
11,940
11,943
11,946
11,950
11,952
11,953
11,954
11,955
11,957
11,959
11,964
11,969
11,971
11,972
11,977
11,981
11,983
11,984
11,985
11,987
11,992
11,996
11,998
11,1000
11,1030
11,1031
11,1060
11,1062
11,1081
11,1105
11,1148
11,1164
11,1218
11,1225
11,1229
11,1264
11,1276
11,1305
11,1328
11,1371
11,1430
11,1435
11,1450
11,1460
11,1465
11,1484
11,1499
11,1511
11,1557
11,1579
11,1586
11,1593
11,1621
11,1625
11,1671
11,1686
11,1696
11,1738
11,1743
11,1776
11,1781
11,1805
11,1808
11,1830
11,1835
11,1838
11,1861
11,1882
11,1933
11,1983
11,1483
11,1517
11,1532
12,6
12,7
12,8
12,12
12,15
12,16
12,17
12,18
12,19
12,21
12,22
12,25
12,26
12,28
12,31
12,35
12,36
12,41
12,44
12,46
12,47
12,50
12,59
12,60
12,69
12,74
12,84
12,87
12,88
12,92
12,94
12,96
12,99
12,100
12,104
12,113
12,114
12,117
12,119
12,123
12,124
12,132
12,145
12,149
12,154
12,158
12,160
12,161
12,162
12,167
12,168
12,173
12,178
12,179
12,180
12,181
12,186
12,189
12,196
12,197
12,201
12,204
12,205
12,208
12,209
12,210
12,211
12,215
12,220
12,223
12,237
12,239
12,243
12,253
12,255
12,257
12,259
12,267
12,280
12,284
12,285
12,287
12,288
12,290
12,293
12,296
12,300
12,303
12,306
12,307
12,308
12,309
12,318
12,319
12,320
12,325
12,326
12,333
12,334
12,335
12,337
12,338
12,341
12,342
12,345
12,348
12,351
12,364
12,374
12,377
12,379
12,382
12,383
12,391
12,393
12,398
12,399
12,402
12,403
12,408
12,412
12,415
12,417
12,418
12,424
12,425
12,427
12,428
12,430
12,431
12,440
12,444
12,448
12,452
12,453
12,454
12,455
12,459
12,460
12,461
12,480
12,485
12,488
12,495
12,496
12,498
12,501
12,503
12,507
12,508
12,512
12,514
12,523
12,530
12,531
12,533
12,534
12,540
12,546
12,552
12,553
12,558
12,561
12,565
12,571
12,577
12,585
12,586
12,591
12,592
12,593
12,594
12,596
12,597
12,604
12,605
12,611
12,616
12,617
12,619
12,623
12,624
12,625
12,639
12,642
12,643
12,646
12,649
12,651
12,657
12,658
12,666
12,671
12,672
12,679
12,680
12,683
12,684
12,688
12,698
12,708
12,709
12,713
12,714
12,719
12,720
12,723
12,729
12,730
12,736
12,739
12,741
12,744
12,745
12,747
12,754
12,757
12,761
12,764
12,766
12,767
12,770
12,771
12,772
12,774
12,782
12,785
12,786
12,787
12,790
12,795
12,797
12,799
12,803
12,805
12,808
12,809
12,813
12,821
12,822
12,823
12,825
12,826
12,827
12,829
12,839
12,840
12,847
12,848
12,851
12,855
12,857
12,858
12,864
12,866
12,869
12,877
12,882
12,884
12,885
12,887
12,891
12,893
12,902
12,903
12,905
12,909
12,913
12,917
12,918
12,923
12,924
12,925
12,934
12,935
12,944
12,951
12,957
12,958
12,959
12,962
12,964
12,974
12,975
12,980
12,987
12,988
12,992
12,995
12,1000
12,1025
12,1046
12,1052
12,1069
12,1075
12,1089
12,1104
12,1115
12,1118
12,1125
12,1155
12,1168
12,1180
12,1182
12,1202
12,1208
12,1238
12,1265
12,1271
12,1283
12,1292
12,1317
12,1324
12,1387
12,1398
12,1408
12,1415
12,1430
12,1457
12,1480
12,1490
12,1514
12,1526
12,1546
12,1567
12,1572
12,1597
12,1607
12,1616
12,1641
12,1657
12,1673
12,1727
12,1731
12,1751
12,1775
12,1794
12,1796
12,1822
12,1832
12,1858
12,1911
12,1941
12,1953
12,1962
12,1965
12,1992
12,1993
12,1995
12,1998
12,1537
12,1540
12,1585
13,3
13,5
13,14
13,16
13,18
13,20
13,30
13,35
13,38
13,40
13,44
13,46
13,51
13,52
13,54
13,60
13,61
13,67
13,68
13,69
13,71
13,72
13,73
13,74
13,78
13,81
13,83
13,84
13,86
13,88
13,89
13,90
13,92
13,93
13,95
13,96
13,97
13,99
13,100
13,102
13,103
13,105
13,107
13,111
13,117
13,126
13,130
13,132
13,134
13,138
13,139
13,141
13,152
13,153
13,154
13,161
13,162
13,166
13,167
13,168
13,170
13,181
13,184
13,185
13,196
13,203
13,204
13,206
13,207
13,209
13,214
13,215
13,216
13,219
13,231
13,236
13,239
13,242
13,243
13,251
13,256
13,265
13,269
13,270
13,272
13,280
13,281
13,287
13,294
13,296
13,297
13,300
13,305
13,310
13,311
13,313
13,319
13,320
13,321
13,322
13,324
13,325
13,326
13,328
13,332
13,341
13,344
13,350
13,354
13,360
13,362
13,365
13,372
13,373
13,380
13,382
13,388
13,390
13,392
13,394
13,400
13,407
13,413
13,414
13,417
13,421
13,424
13,425
13,430
13,431
13,432
13,433
13,435
13,441
13,442
13,443
13,446
13,451
13,460
13,466
13,468
13,481
13,483
13,485
13,487
13,495
13,496
13,497
13,498
13,499
13,501
13,505
13,509
13,511
13,514
13,515
13,517
13,520
13,523
13,525
13,527
13,529
13,530
13,532
13,541
13,554
13,555
13,556
13,558
13,562
13,565
13,566
13,567
13,569
13,571
13,572
13,573
13,577
13,582
13,586
13,587
13,589
13,593
13,595
13,598
13,599
13,602
13,603
13,605
13,607
13,608
13,611
13,614
13,621
13,624
13,625
13,627
13,630
13,634
13,638
13,648
13,649
13,653
13,654
13,657
13,660
13,661
13,663
13,666
13,676
13,684
13,685
13,687
13,695
13,705
13,706
13,709
13,710
13,711
13,716
13,717
13,719
13,721
13,728
13,729
13,732
13,737
13,739
13,740
13,743
13,750
13,755
13,756
13,760
13,762
13,767
13,771
13,773
13,774
13,775
13,779
13,780
13,784
13,787
13,791
13,794
13,795
13,796
13,798
13,802
13,813
13,818
13,821
13,826
13,827
13,829
13,831
13,834
13,835
13,836
13,849
13,852
13,856
13,862
13,865
13,867
13,872
13,876
13,883
13,889
13,896
13,898
13,900
13,902
13,908
13,910
13,911
13,915
13,916
13,918
13,927
13,930
13,931
13,933
13,936
13,937
13,938
13,940
13,941
13,946
13,947
13,948
13,950
13,954
13,956
13,959
13,960
13,963
13,965
13,970
13,973
13,975
13,976
13,983
13,985
13,987
13,997
13,998
13,1009
13,1112
13,1116
13,1145
13,1164
13,1183
13,1203
13,1266
13,1274
13,1277
13,1298
13,1318
13,1330
13,1343
13,1350
13,1433
13,1439
13,1456
13,1480
13,1495
13,1510
13,1514
13,1522
13,1529
13,1551
13,1559
13,1572
13,1597
13,1609
13,1665
13,1673
13,1697
13,1711
13,1818
13,1823
13,1831
13,1860
13,1861
13,1862
13,1887
13,1943
13,1976
13,1589
13,1590
13,1596
14,3
14,5
14,10
14,24
14,26
14,28
14,29
14,30
14,31
14,35
14,38
14,45
14,53
14,54
14,55
14,57
14,59
14,60
14,62
14,69
14,70
14,86
14,88
14,95
14,101
14,104
14,105
14,109
14,110
14,116
14,118
14,119
14,123
14,125
14,129
14,134
14,135
14,137
14,143
14,144
14,145
14,146
14,150
14,151
14,152
14,153
14,157
14,158
14,159
14,160
14,161
14,163
14,171
14,173
14,174
14,177
14,178
14,180
14,184
14,187
14,189
14,190
14,195
14,200
14,203
14,209
14,211
14,213
14,215
14,217
14,223
14,230
14,231
14,233
14,234
14,235
14,236
14,238
14,239
14,242
14,253
14,256
14,263
14,269
14,272
14,280
14,281
14,282
14,289
14,290
14,293
14,295
14,296
14,297
14,298
14,301
14,302
14,303
14,304
14,306
14,308
14,309
14,312
14,314
14,315
14,322
14,324
14,325
14,337
14,339
14,343
14,344
14,347
14,348
14,350
14,358
14,363
14,371
14,373
14,381
14,383
14,392
14,394
14,397
14,401
14,405
14,406
14,412
14,413
14,415
14,421
14,423
14,424
14,425
14,430
14,431
14,435
14,436
14,439
14,443
14,444
14,452
14,455
14,459
14,460
14,461
14,463
14,465
14,473
14,478
14,483
14,490
14,492
14,496
14,497
14,498
14,500
14,501
14,505
14,511
14,516
14,518
14,520
14,523
14,524
14,529
14,534
14,535
14,547
14,548
14,550
14,553
14,558
14,560
14,563
14,568
14,571
14,576
14,584
14,585
14,586
14,587
14,589
14,590
14,592
14,593
14,594
14,595
14,598
14,599
14,600
14,604
14,608
14,610
14,614
14,626
14,629
14,630
14,631
14,632
14,634
14,635
14,636
14,637
14,640
14,644
14,645
14,648
14,649
14,650
14,651
14,652
14,661
14,669
14,672
14,678
14,681
14,682
14,684
14,686
14,690
14,699
14,701
14,705
14,707
14,708
14,712
14,714
14,718
14,721
14,723
14,729
14,737
14,739
14,746
14,749
14,751
14,754
14,756
14,759
14,760
14,764
14,766
14,767
14,775
14,776
14,780
14,785
14,791
14,796
14,799
14,809
14,812
14,813
14,815
14,817
14,818
14,827
14,828
14,831
14,833
14,836
14,843
14,845
14,853
14,859
14,860
14,862
14,863
14,868
14,870
14,871
14,872
14,878
14,879
14,883
14,888
14,891
14,898
14,899
14,901
14,902
14,904
14,907
14,910
14,912
14,914
14,917
14,924
14,925
14,928
14,929
14,930
14,931
14,932
14,933
14,934
14,937
14,939
14,944
14,945
14,947
14,950
14,954
14,955
14,959
14,962
14,963
14,964
14,969
14,974
14,975
14,976
14,980
14,981
14,983
14,986
14,987
14,990
14,994
14,996
14,1009
14,1027
14,1096
14,1233
14,1248
14,1325
14,1355
14,1383
14,1423
14,1428
14,1444
14,1449
14,1501
14,1514
14,1551
14,1554
14,1583
14,1594
14,1613
14,1648
14,1654
14,1706
14,1718
14,1749
14,1757
14,1835
14,1885
14,1960
14,1980
14,1605
14,1612
14,1614
15,18
15,24
15,27
15,29
15,30
15,35
15,38
15,41
15,45
15,48
15,50
15,57
15,62
15,64
15,67
15,74
15,82
15,95
15,96
15,98
15,100
15,101
15,108
15,110
15,111
15,115
15,116
15,117
15,125
15,132
15,133
15,139
15,143
15,148
15,153
15,154
15,155
15,163
15,164
15,172
15,178
15,179
15,184
15,188
15,190
15,191
15,192
15,201
15,203
15,204
15,207
15,209
15,213
15,214
15,219
15,224
15,225
15,233
15,234
15,237
15,239
15,242
15,251
15,252
15,253
15,255
15,269
15,278
15,280
15,282
15,284
15,288
15,298
15,299
15,301
15,302
15,303
15,304
15,310
15,317
15,320
15,327
15,330
15,333
15,334
15,336
15,340
15,341
15,345
15,350
15,353
15,354
15,357
15,362
15,367
15,370
15,372
15,374
15,376
15,377
15,381
15,384
15,386
15,396
15,398
15,399
15,401
15,408
15,409
15,412
15,417
15,421
15,424
15,429
15,431
15,433
15,435
15,438
15,442
15,444
15,447
15,454
15,456
15,457
15,458
15,460
15,462
15,463
15,476
15,490
15,492
15,493
15,495
15,498
15,499
15,502
15,504
15,508
15,509
15,510
15,514
15,519
15,522
15,523
15,525
15,529
15,530
15,531
15,538
15,549
15,551
15,558
15,561
15,564
15,566
15,568
15,572
15,573
15,576
15,577
15,587
15,590
15,592
15,594
15,597
15,602
15,609
15,610
15,616
15,620
15,623
15,625
15,626
15,627
15,644
15,646
15,648
15,650
15,651
15,655
15,657
15,658
15,661
15,663
15,664
15,668
15,670
15,671
15,672
15,673
15,677
15,685
15,688
15,691
15,695
15,698
15,699
15,703
15,704
15,708
15,711
15,712
15,713
15,716
15,718
15,720
15,722
15,723
15,724
15,730
15,733
15,734
15,735
15,740
15,745
15,747
15,757
15,763
15,769
15,771
15,772
15,779
15,781
15,782
15,784
15,789
15,793
15,795
15,797
15,800
15,810
15,811
15,814
15,815
15,821
15,829
15,831
15,833
15,837
15,839
15,840
15,847
15,850
15,853
15,865
15,866
15,867
15,869
15,870
15,872
15,875
15,876
15,877
15,881
15,886
15,892
15,894
15,895
15,896
15,901
15,903
15,905
15,906
15,916
15,919
15,920
15,937
15,938
15,947
15,948
15,950
15,951
15,953
15,956
15,957
15,962
15,963
15,968
15,973
15,981
15,982
15,989
15,990
15,993
15,994
15,997
15,1023
15,1056
15,1079
15,1088
15,1139
15,1154
15,1157
15,1174
15,1183
15,1195
15,1196
15,1205
15,1213
15,1265
15,1279
15,1287
15,1290
15,1291
15,1294
15,1340
15,1346
15,1349
15,1360
15,1366
15,1371
15,1385
15,1396
15,1419
15,1429
15,1437
15,1443
15,1462
15,1477
15,1484
15,1505
15,1522
15,1530
15,1554
15,1567
15,1578
15,1579
15,1631
15,1659
15,1665
15,1689
15,1697
15,1701
15,1710
15,1715
15,1718
15,1725
15,1730
15,1731
15,1810
15,1843
15,1845
15,1860
15,1864
15,1910
15,1939
15,1943
15,1955
15,1959
15,1991
15,1632
15,1637
15,1644
16,2
16,5
16,8
16,10
16,14
16,20
16,22
16,28
16,31
16,32
16,36
16,37
16,39
16,41
16,46
16,48
16,52
16,53
16,55
16,56
16,59
16,65
16,67
16,68
16,69
16,72
16,73
16,76
16,77
16,79
16,84
16,86
16,88
16,89
16,93
16,94
16,98
16,101
16,105
16,106
16,108
16,110
16,113
16,115
16,129
16,131
16,132
16,134
16,140
16,141
16,144
16,145
16,146
16,147
16,148
16,150
16,151
16,152
16,155
16,156
16,158
16,168
16,173
16,174
16,177
16,181
16,184
16,186
16,188
16,191
16,196
16,197
16,202
16,204
16,207
16,209
16,214
16,219
16,220
16,222
16,223
16,224
16,227
16,228
16,230
16,235
16,239
16,243
16,244
16,245
16,247
16,248
16,254
16,256
16,257
16,258
16,264
16,265
16,268
16,269
16,273
16,274
16,276
16,277
16,286
16,292
16,294
16,300
16,306
16,309
16,310
16,317
16,319
16,321
16,324
16,325
16,329
16,333
16,338
16,340
16,341
16,346
16,365
16,367
16,368
16,373
16,375
16,384
16,386
16,392
16,396
16,400
16,412
16,413
16,415
16,416
16,417
16,419
16,424
16,425
16,434
16,441
16,444
16,449
16,452
16,453
16,457
16,458
16,463
16,468
16,473
16,477
16,484
16,487
16,489
16,490
16,491
16,494
16,495
16,501
16,503
16,510
16,516
16,517
16,519
16,522
16,523
16,525
16,528
16,529
16,530
16,533
16,535
16,536
16,541
16,544
16,547
16,551
16,558
16,560
16,561
16,562
16,565
16,571
16,575
16,576
16,579
16,580
16,581
16,586
16,587
16,589
16,592
16,594
16,595
16,596
16,606
16,607
16,609
16,610
16,612
16,616
16,618
16,620
16,626
16,628
16,630
16,632
16,634
16,638
16,640
16,648
16,656
16,657
16,663
16,668
16,672
16,674
16,676
16,678
16,684
16,686
16,687
16,693
16,696
16,697
16,698
16,699
16,706
16,708
16,709
16,710
16,712
16,715
16,719
16,720
16,723
16,725
16,731
16,733
16,737
16,748
16,752
16,755
16,756
16,758
16,764
16,766
16,767
16,769
16,770
16,774
16,776
16,779
16,787
16,788
16,793
16,794
16,798
16,802
16,804
16,805
16,806
16,808
16,811
16,812
16,813
16,814
16,815
16,817
16,819
16,825
16,828
16,829
16,834
16,836
16,838
16,841
16,843
16,848
16,855
16,857
16,862
16,865
16,867
16,870
16,877
16,878
16,879
16,881
16,883
16,884
16,886
16,887
16,888
16,892
16,899
16,906
16,908
16,909
16,913
16,918
16,919
16,922
16,925
16,926
16,931
16,932
16,933
16,945
16,948
16,951
16,952
16,953
16,954
16,956
16,957
16,960
16,961
16,963
16,964
16,965
16,968
16,982
16,985
16,988
16,989
16,990
16,991
16,996
16,997
16,1000
16,1030
16,1154
16,1256
16,1320
16,1425
16,1501
16,1518
16,1593
16,1679
16,1683
16,1692
16,1795
16,1837
16,1865
16,1866
16,1926
16,1946
16,1950
16,1649
16,1677
16,1680
17,1
17,8
17,10
17,19
17,21
17,22
17,24
17,26
17,29
17,35
17,36
17,39
17,44
17,47
17,50
17,52
17,66
17,67
17,73
17,74
17,81
17,87
17,98
17,103
17,105
17,106
17,107
17,114
17,117
17,120
17,122
17,123
17,127
17,129
17,135
17,137
17,140
17,150
17,151
17,156
17,158
17,160
17,161
17,162
17,163
17,167
17,176
17,178
17,179
17,180
17,183
17,185
17,194
17,196
17,197
17,199
17,201
17,204
17,210
17,217
17,222
17,234
17,237
17,248
17,254
17,255
17,257
17,262
17,265
17,269
17,273
17,275
17,285
17,287
17,291
17,299
17,300
17,302
17,303
17,306
17,307
17,309
17,315
17,321
17,325
17,336
17,343
17,351
17,355
17,356
17,358
17,363
17,373
17,374
17,375
17,377
17,384
17,406
17,409
17,415
17,422
17,431
17,433
17,434
17,437
17,444
17,448
17,453
17,456
17,461
17,470
17,474
17,477
17,481
17,487
17,489
17,502
17,517
17,520
17,530
17,547
17,555
17,564
17,573
17,575
17,579
17,581
17,585
17,588
17,592
17,599
17,601
17,613
17,617
17,618
17,632
17,648
17,651
17,659
17,660
17,662
17,676
17,684
17,687
17,693
17,705
17,708
17,711
17,713
17,714
17,720
17,731
17,732
17,739
17,746
17,750
17,751
17,753
17,758
17,772
17,779
17,780
17,790
17,791
17,792
17,793
17,796
17,799
17,801
17,807
17,813
17,815
17,820
17,822
17,824
17,827
17,828
17,840
17,842
17,854
17,856
17,860
17,862
17,866
17,868
17,873
17,880
17,883
17,886
17,889
17,893
17,895
17,914
17,921
17,922
17,928
17,931
17,934
17,937
17,944
17,945
17,948
17,954
17,956
17,958
17,960
17,976
17,1005
17,1010
17,1021
17,1026
17,1027
17,1045
17,1049
17,1061
17,1080
17,1082
17,1084
17,1085
17,1088
17,1090
17,1093
17,1095
17,1097
17,1101
17,1109
17,1111
17,1124
17,1130
17,1136
17,1140
17,1141
17,1146
17,1166
17,1169
17,1182
17,1183
17,1184
17,1185
17,1199
17,1217
17,1224
17,1238
17,1243
17,1270
17,1276
17,1286
17,1289
17,1302
17,1303
17,1305
17,1321
17,1326
17,1327
17,1331
17,1343
17,1345
17,1365
17,1366
17,1373
17,1389
17,1390
17,1392
17,1398
17,1399
17,1405
17,1407
17,1412
17,1427
17,1434
17,1442
17,1445
17,1451
17,1469
17,1472
17,1475
17,1491
17,1492
17,1493
17,1498
17,1501
17,1505
17,1506
17,1510
17,1515
17,1520
17,1526
17,1533
17,1543
17,1551
17,1552
17,1553
17,1559
17,1568
17,1569
17,1574
17,1592
17,1597
17,1622
17,1629
17,1638
17,1650
17,1669
17,1681
17,1682
17,1697
17,1700
17,1702
17,1715
17,1716
17,1718
17,1733
17,1737
17,1738
17,1743
17,1745
17,1763
17,1777
17,1778
17,1786
17,1797
17,1799
17,1803
17,1817
17,1818
17,1820
17,1821
17,1826
17,1830
17,1844
17,1847
17,1867
17,1868
17,1884
17,1891
17,1897
17,1898
17,1899
17,1900
17,1910
17,1911
17,1914
17,1915
17,1921
17,1939
17,1943
17,1962
17,1975
17,1978
17,1994
17,1709
17,1742
17,1744
18,2
18,3
18,8
18,9
18,24
18,29
18,36
18,37
18,39
18,48
18,50
18,51
18,52
18,54
18,57
18,65
18,67
18,68
18,70
18,77
18,80
18,81
18,87
18,92
18,93
18,94
18,96
18,97
18,100
18,106
18,111
18,114
18,119
18,122
18,130
18,139
18,144
18,152
18,153
18,158
18,160
18,171
18,175
18,185
18,188
18,190
18,193
18,201
18,205
18,209
18,212
18,216
18,239
18,248
18,249
18,250
18,256
18,257
18,259
18,260
18,261
18,262
18,268
18,279
18,286
18,290
18,294
18,300
18,311
18,318
18,324
18,328
18,329
18,333
18,340
18,343
18,347
18,348
18,353
18,357
18,362
18,365
18,366
18,368
18,369
18,370
18,379
18,382
18,383
18,384
18,387
18,392
18,396
18,397
18,398
18,400
18,403
18,406
18,407
18,410
18,426
18,427
18,434
18,441
18,445
18,450
18,458
18,464
18,466
18,467
18,469
18,474
18,477
18,483
18,486
18,488
18,490
18,499
18,500
18,501
18,504
18,507
18,510
18,514
18,516
18,518
18,522
18,533
18,534
18,537
18,543
18,547
18,554
18,555
18,556
18,558
18,561
18,565
18,567
18,568
18,574
18,577
18,578
18,580
18,584
18,591
18,600
18,605
18,606
18,615
18,623
18,629
18,630
18,631
18,635
18,637
18,641
18,644
18,647
18,653
18,657
18,658
18,662
18,663
18,665
18,681
18,682
18,686
18,687
18,692
18,693
18,696
18,701
18,703
18,708
18,710
18,711
18,717
18,720
18,721
18,727
18,728
18,731
18,733
18,738
18,740
18,750
18,751
18,758
18,769
18,775
18,778
18,780
18,784
18,792
18,793
18,794
18,795
18,798
18,805
18,807
18,811
18,813
18,818
18,824
18,830
18,833
18,834
18,836
18,839
18,842
18,843
18,850
18,853
18,854
18,859
18,860
18,862
18,875
18,878
18,882
18,884
18,885
18,889
18,890
18,891
18,893
18,906
18,911
18,912
18,923
18,926
18,937
18,938
18,940
18,943
18,947
18,953
18,955
18,956
18,957
18,967
18,968
18,972
18,975
18,976
18,977
18,978
18,981
18,982
18,994
18,997
18,1009
18,1011
18,1023
18,1026
18,1029
18,1069
18,1085
18,1096
18,1099
18,1101
18,1105
18,1109
18,1127
18,1129
18,1134
18,1158
18,1160
18,1162
18,1186
18,1215
18,1222
18,1233
18,1249
18,1275
18,1277
18,1288
18,1291
18,1293
18,1306
18,1308
18,1315
18,1330
18,1331
18,1348
18,1359
18,1365
18,1367
18,1373
18,1374
18,1380
18,1382
18,1383
18,1393
18,1396
18,1414
18,1426
18,1435
18,1447
18,1449
18,1457
18,1462
18,1471
18,1480
18,1482
18,1509
18,1521
18,1535
18,1543
18,1563
18,1566
18,1569
18,1582
18,1587
18,1597
18,1613
18,1622
18,1638
18,1650
18,1664
18,1672
18,1697
18,1713
18,1719
18,1730
18,1740
18,1748
18,1769
18,1815
18,1826
18,1827
18,1833
18,1834
18,1838
18,1839
18,1845
18,1856
18,1859
18,1876
18,1894
18,1916
18,1921
18,1922
18,1937
18,1949
18,1951
18,1958
18,1985
18,1989
18,1999
18,1779
18,1793
18,1800
19,2
19,7
19,15
19,26
19,41
19,44
19,46
19,60
19,62
19,71
19,93
19,94
19,97
19,99
19,100
19,102
19,106
19,118
19,126
19,128
19,129
19,132
19,135
19,145
19,146
19,153
19,156
19,157
19,160
19,165
19,183
19,187
19,189
19,193
19,196
19,199
19,203
19,211
19,214
19,221
19,244
19,245
19,251
19,252
19,254
19,256
19,257
19,260
19,263
19,265
19,269
19,270
19,272
19,273
19,275
19,276
19,282
19,283
19,289
19,290
19,296
19,298
19,299
19,300
19,303
19,308
19,312
19,317
19,319
19,322
19,331
19,338
19,343
19,348
19,352
19,363
19,380
19,395
19,396
19,401
19,405
19,406
19,411
19,413
19,420
19,424
19,430
19,433
19,437
19,439
19,449
19,451
19,453
19,455
19,463
19,466
19,473
19,476
19,485
19,491
19,492
19,495
19,497
19,500
19,508
19,510
19,514
19,521
19,523
19,524
19,533
19,550
19,559
19,561
19,563
19,566
19,572
19,576
19,579
19,580
19,582
19,583
19,588
19,598
19,600
19,604
19,605
19,607
19,609
19,613
19,615
19,617
19,625
19,628
19,631
19,634
19,639
19,641
19,646
19,665
19,672
19,673
19,682
19,689
19,692
19,705
19,707
19,717
19,728
19,730
19,731
19,738
19,741
19,745
19,750
19,755
19,759
19,760
19,765
19,766
19,767
19,779
19,781
19,783
19,784
19,787
19,796
19,800
19,803
19,804
19,805
19,807
19,809
19,812
19,813
19,819
19,829
19,831
19,834
19,838
19,839
19,846
19,847
19,849
19,852
19,858
19,859
19,862
19,867
19,868
19,871
19,881
19,884
19,885
19,895
19,896
19,897
19,898
19,900
19,903
19,907
19,911
19,922
19,924
19,926
19,930
19,931
19,932
19,948
19,952
19,957
19,963
19,964
19,965
19,978
19,979
19,980
19,981
19,984
19,992
19,1000
19,1004
19,1012
19,1018
19,1019
19,1027
19,1041
19,1043
19,1047
19,1062
19,1063
19,1065
19,1072
19,1074
19,1075
19,1077
19,1081
19,1082
19,1095
19,1096
19,1097
19,1100
19,1106
19,1111
19,1133
19,1136
19,1142
19,1153
19,1154
19,1156
19,1163
19,1174
19,1176
19,1181
19,1182
19,1193
19,1198
19,1201
19,1206
19,1212
19,1213
19,1222
19,1224
19,1234
19,1257
19,1258
19,1266
19,1268
19,1271
19,1306
19,1319
19,1321
19,1325
19,1346
19,1366
19,1376
19,1379
19,1381
19,1389
19,1394
19,1413
19,1416
19,1419
19,1445
19,1451
19,1464
19,1466
19,1467
19,1469
19,1487
19,1498
19,1504
19,1507
19,1514
19,1516
19,1527
19,1533
19,1535
19,1538
19,1545
19,1553
19,1566
19,1580
19,1613
19,1622
19,1624
19,1629
19,1636
19,1647
19,1656
19,1666
19,1693
19,1694
19,1703
19,1711
19,1717
19,1725
19,1730
19,1732
19,1739
19,1750
19,1752
19,1755
19,1762
19,1768
19,1776
19,1782
19,1813
19,1816
19,1826
19,1835
19,1857
19,1861
19,1864
19,1866
19,1869
19,1892
19,1908
19,1909
19,1920
19,1936
19,1938
19,1940
19,1945
19,1952
19,1962
19,1965
19,1971
19,1987
19,1992
19,1814
19,1851
19,1875
20,4
20,5
20,11
20,12
20,15
20,17
20,19
20,21
20,23
20,24
20,30
20,33
20,34
20,38
20,48
20,53
20,55
20,57
20,61
20,64
20,70
20,73
20,74
20,76
20,85
20,87
20,88
20,95
20,97
20,99
20,102
20,103
20,105
20,114
20,116
20,129
20,141
20,142
20,143
20,146
20,147
20,149
20,155
20,156
20,157
20,158
20,159
20,163
20,165
20,166
20,168
20,171
20,173
20,176
20,179
20,195
20,198
20,203
20,204
20,206
20,207
20,209
20,217
20,220
20,222
20,223
20,224
20,225
20,226
20,229
20,230
20,238
20,243
20,245
20,246
20,252
20,256
20,260
20,262
20,269
20,273
20,275
20,276
20,277
20,281
20,282
20,283
20,284
20,286
20,296
20,297
20,304
20,306
20,308
20,319
20,320
20,321
20,323
20,324
20,325
20,330
20,331
20,333
20,336
20,337
20,341
20,343
20,345
20,346
20,347
20,350
20,365
20,366
20,376
20,380
20,381
20,386
20,387
20,397
20,404
20,411
20,413
20,423
20,424
20,425
20,428
20,429
20,431
20,434
20,450
20,451
20,454
20,461
20,466
20,467
20,469
20,471
20,472
20,473
20,474
20,479
20,481
20,484
20,486
20,499
20,504
20,509
20,513
20,514
20,522
20,524
20,525
20,527
20,529
20,531
20,535
20,538
20,541
20,545
20,550
20,554
20,558
20,562
20,566
20,567
20,573
20,575
20,576
20,581
20,583
20,584
20,585
20,589
20,590
20,593
20,597
20,599
20,601
20,602
20,605
20,616
20,619
20,620
20,623
20,626
20,628
20,631
20,635
20,642
20,643
20,645
20,649
20,650
20,651
20,653
20,656
20,658
20,661
20,666
20,670
20,673
20,678
20,682
20,688
20,693
20,694
20,700
20,705
20,707
20,711
20,718
20,719
20,724
20,737
20,739
20,744
20,749
20,757
20,762
20,769
20,770
20,780
20,784
20,787
20,794
20,798
20,808
20,810
20,811
20,812
20,814
20,820
20,823
20,824
20,827
20,830
20,833
20,838
20,841
20,847
20,849
20,850
20,855
20,864
20,869
20,873
20,877
20,882
20,883
20,893
20,895
20,904
20,908
20,917
20,921
20,925
20,932
20,933
20,937
20,938
20,940
20,943
20,944
20,947
20,951
20,955
20,956
20,957
20,958
20,962
20,972
20,973
20,975
20,983
20,984
20,986
20,987
20,992
20,994
20,996
20,1045
20,1053
20,1058
20,1082
20,1083
20,1090
20,1092
20,1112
20,1116
20,1134
20,1141
20,1151
20,1166
20,1174
20,1179
20,1201
20,1208
20,1223
20,1224
20,1229
20,1236
20,1243
20,1271
20,1278
20,1292
20,1296
20,1349
20,1365
20,1367
20,1372
20,1407
20,1408
20,1416
20,1443
20,1515
20,1551
20,1555
20,1573
20,1601
20,1602
20,1611
20,1615
20,1617
20,1658
20,1687
20,1719
20,1747
20,1770
20,1771
20,1786
20,1789
20,1791
20,1808
20,1825
20,1836
20,1846
20,1865
20,1874
20,1892
20,1903
20,1904
20,1908
20,1916
20,1924
20,1927
20,1956
20,1976
20,1979
20,1983
20,1997
20,1879
20,1883
20,1886
21,15
21,16
21,19
21,20
21,22
21,24
21,30
21,32
21,38
21,39
21,41
21,42
21,48
21,49
21,70
21,81
21,86
21,92
21,95
21,96
21,97
21,98
21,111
21,112
21,114
21,120
21,121
21,128
21,129
21,132
21,137
21,144
21,150
21,151
21,155
21,156
21,163
21,164
21,165
21,172
21,173
21,175
21,178
21,191
21,194
21,196
21,197
21,198
21,213
21,215
21,219
21,220
21,225
21,227
21,230
21,231
21,234
21,236
21,246
21,248
21,252
21,253
21,254
21,261
21,266
21,268
21,271
21,272
21,279
21,281
21,284
21,290
21,297
21,300
21,307
21,314
21,315
21,317
21,321
21,325
21,328
21,329
21,331
21,335
21,338
21,339
21,340
21,343
21,348
21,354
21,358
21,362
21,369
21,373
21,376
21,384
21,392
21,393
21,394
21,395
21,399
21,409
21,411
21,417
21,419
21,431
21,435
21,441
21,446
21,449
21,450
21,455
21,458
21,463
21,465
21,466
21,473
21,479
21,482
21,483
21,485
21,489
21,490
21,491
21,493
21,498
21,500
21,501
21,502
21,503
21,508
21,520
21,521
21,525
21,527
21,529
21,532
21,533
21,535
21,536
21,546
21,555
21,567
21,568
21,569
21,572
21,577
21,580
21,584
21,585
21,590
21,591
21,595
21,596
21,599
21,600
21,612
21,613
21,614
21,615
21,618
21,622
21,623
21,628
21,630
21,637
21,638
21,640
21,644
21,650
21,657
21,661
21,662
21,672
21,679
21,680
21,682
21,691
21,692
21,693
21,697
21,699
21,705
21,706
21,707
21,708
21,712
21,713
21,715
21,717
21,718
21,720
21,721
21,723
21,729
21,744
21,755
21,761
21,763
21,765
21,767
21,770
21,771
21,774
21,775
21,779
21,780
21,781
21,786
21,788
21,791
21,794
21,796
21,798
21,800
21,801
21,804
21,805
21,806
21,813
21,818
21,825
21,829
21,831
21,835
21,836
21,843
21,846
21,847
21,851
21,852
21,854
21,860
21,862
21,863
21,865
21,876
21,881
21,883
21,885
21,887
21,894
21,896
21,898
21,903
21,913
21,914
21,925
21,928
21,930
21,935
21,947
21,951
21,953
21,962
21,970
21,972
21,974
21,977
21,979
21,981
21,982
21,984
21,994
21,1002
21,1004
21,1016
21,1019
21,1052
21,1073
21,1100
21,1163
21,1166
21,1179
21,1196
21,1212
21,1217
21,1243
21,1262
21,1270
21,1296
21,1314
21,1324
21,1325
21,1328
21,1354
21,1357
21,1394
21,1401
21,1408
21,1412
21,1418
21,1425
21,1426
21,1431
21,1437
21,1441
21,1449
21,1454
21,1500
21,1505
21,1521
21,1527
21,1529
21,1547
21,1553
21,1567
21,1570
21,1579
21,1591
21,1604
21,1606
21,1625
21,1635
21,1653
21,1661
21,1662
21,1673
21,1678
21,1685
21,1694
21,1699
21,1705
21,1706
21,1712
21,1717
21,1720
21,1747
21,1752
21,1759
21,1762
21,1767
21,1768
21,1773
21,1775
21,1781
21,1798
21,1804
21,1809
21,1812
21,1815
21,1843
21,1845
21,1902
21,1912
21,1913
21,1919
21,1923
21,1947
21,1963
21,1906
21,1930
21,1957
22,1
22,4
22,6
22,8
22,9
22,10
22,22
22,23
22,27
22,32
22,42
22,48
22,49
22,51
22,54
22,55
22,56
22,64
22,70
22,85
22,86
22,88
22,90
22,94
22,111
22,122
22,123
22,126
22,128
22,129
22,131
22,132
22,134
22,143
22,145
22,149
22,151
22,170
22,173
22,175
22,177
22,181
22,182
22,185
22,186
22,187
22,189
22,197
22,198
22,212
22,213
22,219
22,224
22,225
22,237
22,241
22,244
22,246
22,248
22,250
22,251
22,254
22,268
22,275
22,282
22,285
22,286
22,287
22,293
22,296
22,297
22,298
22,301
22,302
22,303
22,304
22,306
22,307
22,316
22,319
22,324
22,327
22,329
22,332
22,339
22,341
22,342
22,348
22,352
22,363
22,365
22,367
22,378
22,387
22,389
22,393
22,396
22,398
22,404
22,410
22,411
22,415
22,423
22,424
22,431
22,438
22,447
22,449
22,458
22,470
22,485
22,490
22,507
22,522
22,530
22,531
22,533
22,535
22,540
22,546
22,557
22,559
22,560
22,567
22,573
22,574
22,581
22,583
22,584
22,595
22,600
22,601
22,607
22,609
22,615
22,616
22,617
22,618
22,628
22,629
22,630
22,633
22,634
22,638
22,640
22,641
22,642
22,645
22,649
22,654
22,667
22,670
22,671
22,673
22,676
22,677
22,679
22,681
22,682
22,687
22,690
22,691
22,694
22,695
22,706
22,709
22,715
22,716
22,724
22,731
22,732
22,739
22,742
22,743
22,749
22,752
22,755
22,757
22,759
22,766
22,769
22,772
22,779
22,785
22,792
22,793
22,801
22,804
22,814
22,823
22,828
22,830
22,834
22,836
22,843
22,844
22,859
22,862
22,866
22,870
22,874
22,882
22,884
22,887
22,894
22,895
22,898
22,900
22,904
22,907
22,924
22,933
22,937
22,939
22,941
22,946
22,947
22,948
22,954
22,956
22,970
22,976
22,978
22,981
22,987
22,1000
22,1001
22,1009
22,1022
22,1035
22,1038
22,1048
22,1051
22,1053
22,1055
22,1063
22,1079
22,1089
22,1090
22,1099
22,1100
22,1108
22,1112
22,1115
22,1116
22,1125
22,1127
22,1141
22,1147
22,1150
22,1177
22,1182
22,1183
22,1186
22,1194
22,1196
22,1205
22,1223
22,1239
22,1246
22,1296
22,1298
22,1314
22,1326
22,1330
22,1332
22,1337
22,1338
22,1341
22,1355
22,1360
22,1363
22,1384
22,1387
22,1389
22,1390
22,1391
22,1399
22,1400
22,1402
22,1417
22,1431
22,1435
22,1438
22,1439
22,1447
22,1449
22,1458
22,1463
22,1479
22,1486
22,1491
22,1496
22,1497
22,1498
22,1509
22,1510
22,1515
22,1522
22,1526
22,1538
22,1543
22,1545
22,1556
22,1560
22,1565
22,1574
22,1594
22,1595
22,1597
22,1606
22,1608
22,1617
22,1618
22,1628
22,1638
22,1642
22,1647
22,1650
22,1671
22,1674
22,1685
22,1693
22,1697
22,1706
22,1710
22,1719
22,1721
22,1729
22,1734
22,1752
22,1756
22,1775
22,1794
22,1795
22,1797
22,1806
22,1823
22,1825
22,1826
22,1841
22,1853
22,1862
22,1917
22,1919
22,1922
22,1935
22,1958
22,1959
22,1996
22,1970
22,1974
22,1984
23,5
23,6
23,9
23,12
23,15
23,32
23,33
23,34
23,36
23,37
23,42
23,46
23,48
23,49
23,50
23,52
23,53
23,58
23,64
23,66
23,69
23,71
23,76
23,78
23,81
23,84
23,89
23,90
23,93
23,96
23,108
23,110
23,112
23,116
23,119
23,120
23,125
23,127
23,130
23,132
23,134
23,135
23,141
23,142
23,144
23,153
23,154
23,161
23,164
23,166
23,167
23,169
23,173
23,177
23,185
23,187
23,189
23,190
23,194
23,201
23,207
23,209
23,212
23,213
23,217
23,220
23,221
23,222
23,223
23,224
23,226
23,232
23,237
23,239
23,243
23,245
23,246
23,247
23,248
23,251
23,252
23,255
23,257
23,260
23,262
23,263
23,265
23,267
23,275
23,283
23,287
23,288
23,289
23,290
23,296
23,302
23,306
23,308
23,312
23,313
23,316
23,317
23,320
23,322
23,324
23,328
23,329
23,332
23,333
23,335
23,336
23,341
23,345
23,346
23,348
23,349
23,351
23,353
23,354
23,358
23,359
23,364
23,366
23,367
23,370
23,372
23,377
23,378
23,379
23,381
23,383
23,389
23,390
23,391
23,396
23,398
23,406
23,407
23,411
23,419
23,420
23,425
23,428
23,433
23,434
23,435
23,437
23,441
23,449
23,452
23,453
23,455
23,458
23,460
23,468
23,469
23,472
23,475
23,480
23,481
23,486
23,487
23,488
23,491
23,499
23,502
23,503
23,507
23,508
23,511
23,515
23,516
23,519
23,520
23,523
23,525
23,527
23,530
23,531
23,533
23,535
23,536
23,537
23,541
23,542
23,544
23,549
23,552
23,555
23,560
23,563
23,566
23,567
23,569
23,570
23,575
23,576
23,582
23,588
23,590
23,595
23,596
23,597
23,598
23,608
23,613
23,614
23,620
23,622
23,639
23,641
23,645
23,650
23,651
23,655
23,656
23,657
23,659
23,662
23,663
23,664
23,665
23,667
23,670
23,673
23,674
23,676
23,680
23,684
23,688
23,689
23,691
23,695
23,703
23,708
23,710
23,714
23,715
23,720
23,721
23,725
23,727
23,728
23,729
23,731
23,732
23,733
23,735
23,736
23,740
23,741
23,742
23,744
23,746
23,749
23,750
23,753
23,759
23,763
23,768
23,770
23,771
23,775
23,776
23,779
23,780
23,783
23,785
23,786
23,787
23,793
23,797
23,799
23,801
23,807
23,812
23,813
23,817
23,819
23,826
23,832
23,833
23,834
23,844
23,846
23,852
23,853
23,854
23,855
23,859
23,862
23,864
23,868
23,871
23,874
23,878
23,885
23,892
23,894
23,895
23,902
23,905
23,908
23,912
23,913
23,916
23,920
23,921
23,925
23,926
23,927
23,929
23,934
23,935
23,936
23,937
23,938
23,945
23,949
23,952
23,953
23,957
23,958
23,960
23,961
23,962
23,965
23,967
23,968
23,973
23,981
23,983
23,985
23,986
23,987
23,988
23,989
23,990
23,991
23,994
23,1001
23,1076
23,1082
23,1182
23,1207
23,1563
23,1578
23,1783
23,1816
23,1833
23,1988
23,2000
24,4
24,7
24,9
24,12
24,13
24,16
24,17
24,22
24,27
24,31
24,40
24,46
24,47
24,48
24,55
24,57
24,60
24,69
24,70
24,78
24,86
24,87
24,93
24,101
24,119
24,120
24,127
24,129
24,132
24,133
24,138
24,141
24,149
24,161
24,165
24,166
24,168
24,175
24,178
24,179
24,186
24,193
24,196
24,199
24,201
24,204
24,206
24,218
24,219
24,225
24,226
24,238
24,247
24,251
24,252
24,254
24,262
24,264
24,270
24,272
24,276
24,282
24,284
24,285
24,298
24,299
24,310
24,322
24,326
24,327
24,331
24,337
24,347
24,352
24,355
24,362
24,375
24,382
24,386
24,394
24,396
24,404
24,406
24,418
24,419
24,435
24,438
24,440
24,447
24,448
24,451
24,461
24,465
24,469
24,473
24,493
24,500
24,501
24,504
24,510
24,514
24,523
24,525
24,531
24,534
24,537
24,538
24,549
24,552
24,559
24,567
24,576
24,586
24,589
24,593
24,598
24,603
24,605
24,609
24,617
24,624
24,625
24,630
24,639
24,642
24,645
24,648
24,651
24,680
24,693
24,700
24,701
24,703
24,708
24,718
24,720
24,724
24,734
24,747
24,749
24,753
24,759
24,760
24,782
24,784
24,789
24,819
24,821
24,828
24,836
24,845
24,851
24,857
24,859
24,865
24,880
24,884
24,890
24,903
24,909
24,926
24,930
24,950
24,951
24,952
24,964
24,965
24,974
24,978
24,979
24,981
24,986
24,991
24,994
24,995
24,996
24,1001
24,1006
24,1009
24,1011
24,1014
24,1019
24,1034
24,1040
24,1041
24,1042
24,1046
24,1063
24,1068
24,1069
24,1073
24,1074
24,1076
24,1078
24,1081
24,1083
24,1084
24,1087
24,1089
24,1091
24,1120
24,1123
24,1124
24,1125
24,1129
24,1132
24,1143
24,1145
24,1159
24,1166
24,1178
24,1180
24,1193
24,1195
24,1200
24,1202
24,1223
24,1243
24,1248
24,1249
24,1250
24,1258
24,1275
24,1276
24,1286
24,1291
24,1292
24,1295
24,1301
24,1310
24,1333
24,1336
24,1337
24,1341
24,1350
24,1359
24,1369
24,1370
24,1371
24,1372
24,1373
24,1386
24,1389
24,1392
24,1397
24,1409
24,1411
24,1413
24,1428
24,1429
24,1433
24,1435
24,1452
24,1456
24,1457
24,1458
24,1459
24,1460
24,1461
24,1465
24,1470
24,1473
24,1489
24,1495
24,1499
24,1500
24,1505
24,1509
24,1511
24,1524
24,1533
24,1536
24,1539
24,1542
24,1549
24,1560
24,1563
24,1564
24,1567
24,1571
24,1583
24,1610
24,1617
24,1620
24,1622
24,1624
24,1625
24,1629
24,1630
24,1635
24,1639
24,1670
24,1671
24,1679
24,1688
24,1692
24,1693
24,1698
24,1699
24,1703
24,1722
24,1724
24,1732
24,1735
24,1743
24,1745
24,1752
24,1754
24,1761
24,1770
24,1773
24,1774
24,1780
24,1794
24,1806
24,1807
24,1823
24,1830
24,1834
24,1839
24,1843
24,1858
24,1864
24,1866
24,1870
24,1871
24,1873
24,1887
24,1889
24,1893
24,1903
24,1911
24,1914
24,1915
24,1919
24,1920
24,1926
24,1938
24,1942
24,1943
24,1950
24,1953
24,1954
24,1961
24,1964
24,1967
24,1969
24,1972
24,1976
24,1994
25,4
25,8
25,10
25,13
25,16
25,18
25,21
25,25
25,26
25,32
25,33
25,36
25,38
25,44
25,45
25,50
25,51
25,53
25,55
25,56
25,63
25,68
25,82
25,85
25,87
25,88
25,90
25,91
25,92
25,94
25,99
25,104
25,109
25,112
25,113
25,116
25,118
25,124
25,130
25,131
25,132
25,134
25,135
25,136
25,137
25,164
25,165
25,167
25,176
25,182
25,185
25,186
25,190
25,197
25,198
25,206
25,207
25,215
25,219
25,223
25,231
25,233
25,234
25,240
25,250
25,251
25,255
25,258
25,259
25,261
25,263
25,268
25,272
25,275
25,277
25,279
25,280
25,281
25,286
25,289
25,293
25,294
25,297
25,316
25,325
25,330
25,340
25,342
25,344
25,345
25,347
25,348
25,350
25,365
25,367
25,375
25,376
25,381
25,382
25,386
25,388
25,392
25,397
25,399
25,401
25,402
25,411
25,415
25,416
25,418
25,422
25,434
25,435
25,438
25,439
25,442
25,444
25,445
25,454
25,455
25,456
25,465
25,469
25,471
25,477
25,486
25,488
25,489
25,491
25,495
25,498
25,503
25,506
25,508
25,509
25,518
25,529
25,534
25,539
25,545
25,547
25,548
25,552
25,553
25,562
25,568
25,570
25,572
25,576
25,577
25,580
25,582
25,584
25,585
25,590
25,593
25,596
25,599
25,604
25,609
25,610
25,613
25,620
25,624
25,626
25,631
25,632
25,640
25,642
25,644
25,647
25,649
25,664
25,666
25,680
25,691
25,694
25,696
25,697
25,699
25,702
25,704
25,705
25,712
25,716
25,717
25,718
25,722
25,731
25,734
25,735
25,739
25,742
25,744
25,745
25,748
25,752
25,759
25,766
25,772
25,773
25,785
25,788
25,798
25,804
25,807
25,811
25,816
25,821
25,822
25,827
25,830
25,839
25,840
25,846
25,853
25,855
25,856
25,857
25,858
25,861
25,863
25,867
25,868
25,873
25,878
25,882
25,889
25,895
25,898
25,899
25,901
25,904
25,907
25,914
25,918
25,924
25,925
25,929
25,931
25,932
25,938
25,945
25,948
25,949
25,950
25,953
25,958
25,964
25,966
25,972
25,974
25,978
25,979
25,980
25,981
25,987
25,988
25,991
25,993
25,995
25,997
25,1010
25,1015
25,1016
25,1023
25,1029
25,1032
25,1042
25,1077
25,1078
25,1083
25,1096
25,1100
25,1104
25,1115
25,1133
25,1137
25,1158
25,1165
25,1192
25,1196
25,1205
25,1254
25,1267
25,1272
25,1296
25,1301
25,1303
25,1322
25,1329
25,1382
25,1389
25,1394
25,1399
25,1418
25,1430
25,1456
25,1462
25,1485
25,1514
25,1521
25,1534
25,1538
25,1542
25,1550
25,1561
25,1574
25,1580
25,1582
25,1595
25,1603
25,1613
25,1635
25,1638
25,1641
25,1652
25,1656
25,1675
25,1694
25,1712
25,1738
25,1741
25,1763
25,1784
25,1786
25,1787
25,1824
25,1830
25,1832
25,1836
25,1852
25,1860
25,1881
25,1902
25,1903
25,1913
25,1915
25,1925
25,1926
25,1932
25,1936
25,1941
25,1947
25,1959
25,1965
25,1983
25,1986
25,1990
25,1998
26,4
26,15
26,17
26,24
26,33
26,34
26,38
26,42
26,45
26,46
26,47
26,49
26,53
26,57
26,62
26,68
26,80
26,82
26,88
26,97
26,99
26,105
26,108
26,113
26,114
26,118
26,120
26,145
26,147
26,163
26,167
26,170
26,175
26,176
26,177
26,184
26,185
26,186
26,188
26,192
26,198
26,206
26,214
26,216
26,223
26,226
26,231
26,233
26,234
26,235
26,243
26,248
26,257
26,267
26,270
26,271
26,284
26,288
26,293
26,301
26,302
26,306
26,310
26,311
26,318
26,322
26,331
26,336
26,343
26,345
26,350
26,358
26,359
26,362
26,364
26,373
26,375
26,378
26,382
26,392
26,394
26,402
26,404
26,406
26,427
26,431
26,432
26,435
26,440
26,447
26,453
26,463
26,464
26,488
26,489
26,494
26,497
26,505
26,513
26,516
26,528
26,530
26,534
26,552
26,565
26,567
26,568
26,570
26,571
26,573
26,585
26,590
26,592
26,594
26,597
26,598
26,599
26,605
26,608
26,613
26,618
26,634
26,642
26,645
26,646
26,652
26,653
26,660
26,661
26,670
26,676
26,678
26,679
26,690
26,697
26,699
26,700
26,703
26,711
26,715
26,716
26,720
26,724
26,740
26,742
26,753
26,755
26,757
26,759
26,780
26,797
26,802
26,804
26,808
26,824
26,834
26,838
26,839
26,841
26,842
26,845
26,849
26,865
26,868
26,872
26,880
26,886
26,888
26,893
26,899
26,909
26,917
26,925
26,927
26,932
26,943
26,947
26,948
26,950
26,951
26,952
26,953
26,956
26,970
26,982
26,985
26,986
26,991
26,1003
26,1006
26,1016
26,1019
26,1021
26,1029
26,1031
26,1032
26,1037
26,1041
26,1044
26,1058
26,1059
26,1060
26,1072
26,1075
26,1080
26,1082
26,1092
26,1095
26,1102
26,1107
26,1109
26,1117
26,1118
26,1137
26,1141
26,1159
26,1168
26,1169
26,1170
26,1172
26,1173
26,1186
26,1190
26,1196
26,1201
26,1202
26,1218
26,1222
26,1228
26,1230
26,1234
26,1235
26,1239
26,1242
26,1254
26,1256
26,1261
26,1262
26,1267
26,1272
26,1289
26,1292
26,1299
26,1302
26,1305
26,1308
26,1309
26,1316
26,1317
26,1322
26,1333
26,1336
26,1354
26,1360
26,1362
26,1373
26,1374
26,1377
26,1393
26,1414
26,1417
26,1421
26,1423
26,1425
26,1435
26,1443
26,1445
26,1449
26,1452
26,1458
26,1469
26,1470
26,1482
26,1485
26,1486
26,1487
26,1490
26,1491
26,1499
26,1507
26,1508
26,1516
26,1522
26,1524
26,1531
26,1538
26,1544
26,1550
26,1551
26,1556
26,1567
26,1581
26,1582
26,1591
26,1598
26,1600
26,1617
26,1630
26,1634
26,1638
26,1642
26,1643
26,1651
26,1662
26,1671
26,1687
26,1705
26,1714
26,1719
26,1720
26,1723
26,1728
26,1748
26,1751
26,1756
26,1758
26,1767
26,1775
26,1786
26,1789
26,1792
26,1796
26,1810
26,1812
26,1823
26,1842
26,1863
26,1870
26,1871
26,1874
26,1876
26,1877
26,1878
26,1882
26,1889
26,1890
26,1891
26,1895
26,1898
26,1904
26,1905
26,1907
26,1928
26,1940
26,1949
26,1954
26,1959
26,1963
26,1973
26,1998
27,5
27,9
27,10
27,14
27,23
27,26
27,30
27,34
27,36
27,39
27,41
27,57
27,60
27,62
27,63
27,68
27,70
27,75
27,78
27,79
27,84
27,87
27,92
27,95
27,97
27,100
27,111
27,114
27,117
27,123
27,126
27,128
27,130
27,136
27,137
27,142
27,143
27,144
27,149
27,150
27,153
27,156
27,157
27,158
27,162
27,167
27,169
27,172
27,182
27,183
27,193
27,200
27,208
27,213
27,216
27,221
27,222
27,232
27,233
27,234
27,235
27,236
27,238
27,239
27,244
27,250
27,251
27,258
27,260
27,268
27,269
27,270
27,273
27,280
27,285
27,289
27,290
27,294
27,298
27,300
27,307
27,312
27,314
27,317
27,322
27,323
27,325
27,331
27,332
27,345
27,368
27,371
27,374
27,377
27,380
27,381
27,386
27,388
27,389
27,393
27,396
27,400
27,402
27,405
27,406
27,410
27,413
27,416
27,422
27,426
27,429
27,434
27,436
27,438
27,443
27,444
27,446
27,448
27,449
27,453
27,461
27,465
27,468
27,470
27,471
27,472
27,474
27,480
27,481
27,486
27,491
27,492
27,497
27,498
27,502
27,503
27,506
27,507
27,515
27,521
27,529
27,533
27,538
27,542
27,543
27,546
27,555
27,556
27,560
27,563
27,567
27,580
27,583
27,584
27,587
27,590
27,593
27,595
27,603
27,613
27,628
27,631
27,634
27,635
27,645
27,646
27,664
27,667
27,669
27,671
27,672
27,674
27,686
27,689
27,690
27,691
27,693
27,694
27,702
27,707
27,718
27,719
27,722
27,723
27,729
27,737
27,738
27,739
27,741
27,746
27,754
27,760
27,761
27,763
27,765
27,769
27,772
27,780
27,781
27,786
27,791
27,795
27,801
27,802
27,808
27,812
27,815
27,817
27,819
27,820
27,824
27,825
27,826
27,831
27,837
27,838
27,842
27,845
27,846
27,847
27,849
27,865
27,867
27,869
27,875
27,876
27,884
27,887
27,889
27,890
27,893
27,894
27,895
27,900
27,901
27,908
27,916
27,934
27,936
27,942
27,943
27,953
27,955
27,964
27,966
27,974
27,980
27,985
27,993
27,995
27,999
27,1005
27,1007
27,1011
27,1032
27,1038
27,1046
27,1051
27,1070
27,1118
27,1119
27,1125
27,1138
27,1158
27,1164
27,1165
27,1186
27,1194
27,1202
27,1203
27,1210
27,1231
27,1235
27,1263
27,1269
27,1278
27,1292
27,1296
27,1325
27,1326
27,1345
27,1366
27,1388
27,1399
27,1406
27,1417
27,1441
27,1444
27,1446
27,1463
27,1467
27,1469
27,1473
27,1476
27,1486
27,1487
27,1492
27,1498
27,1508
27,1510
27,1514
27,1522
27,1541
27,1543
27,1557
27,1558
27,1561
27,1584
27,1615
27,1617
27,1622
27,1623
27,1627
27,1635
27,1650
27,1652
27,1664
27,1670
27,1684
27,1686
27,1691
27,1697
27,1711
27,1713
27,1726
27,1732
27,1733
27,1740
27,1747
27,1749
27,1774
27,1788
27,1799
27,1815
27,1835
27,1836
27,1842
27,1843
27,1844
27,1847
27,1853
27,1871
27,1884
27,1899
27,1902
27,1922
27,1934
27,1956
27,1960
27,1999
28,3
28,4
28,5
28,11
28,13
28,17
28,18
28,20
28,33
28,35
28,36
28,41
28,54
28,58
28,59
28,60
28,68
28,73
28,74
28,78
28,84
28,87
28,88
28,92
28,106
28,109
28,110
28,111
28,113
28,114
28,118
28,128
28,129
28,140
28,143
28,144
28,149
28,151
28,155
28,162
28,168
28,169
28,172
28,173
28,174
28,187
28,190
28,191
28,194
28,195
28,197
28,203
28,208
28,214
28,215
28,216
28,221
28,225
28,230
28,231
28,235
28,238
28,241
28,242
28,244
28,248
28,251
28,264
28,265
28,276
28,277
28,279
28,284
28,286
28,289
28,291
28,309
28,312
28,338
28,339
28,346
28,349
28,354
28,355
28,361
28,363
28,380
28,382
28,384
28,388
28,395
28,397
28,402
28,404
28,415
28,422
28,425
28,435
28,438
28,440
28,443
28,444
28,445
28,446
28,452
28,455
28,464
28,466
28,467
28,469
28,470
28,475
28,479
28,483
28,491
28,494
28,495
28,496
28,498
28,515
28,518
28,526
28,528
28,529
28,536
28,542
28,557
28,561
28,564
28,572
28,580
28,581
28,586
28,597
28,599
28,606
28,612
28,616
28,618
28,623
28,634
28,638
28,640
28,647
28,650
28,654
28,656
28,662
28,663
28,665
28,667
28,668
28,670
28,673
28,677
28,679
28,681
28,687
28,695
28,700
28,708
28,719
28,721
28,729
28,741
28,744
28,751
28,752
28,768
28,771
28,772
28,775
28,780
28,781
28,784
28,786
28,791
28,795
28,796
28,800
28,804
28,805
28,811
28,812
28,820
28,821
28,823
28,824
28,833
28,853
28,854
28,858
28,860
28,865
28,882
28,886
28,890
28,899
28,903
28,906
28,914
28,918
28,922
28,929
28,935
28,943
28,944
28,946
28,950
28,952
28,955
28,964
28,965
28,967
28,968
28,975
28,981
28,983
28,990
28,997
28,1007
28,1014
28,1028
28,1058
28,1061
28,1066
28,1067
28,1073
28,1077
28,1083
28,1084
28,1087
28,1122
28,1123
28,1128
28,1143
28,1146
28,1148
28,1149
28,1153
28,1159
28,1166
28,1172
28,1176
28,1181
28,1196
28,1198
28,1203
28,1208
28,1210
28,1212
28,1216
28,1218
28,1234
28,1247
28,1264
28,1277
28,1280
28,1281
28,1291
28,1301
28,1308
28,1332
28,1354
28,1355
28,1361
28,1366
28,1370
28,1373
28,1378
28,1384
28,1397
28,1411
28,1415
28,1419
28,1423
28,1429
28,1437
28,1441
28,1465
28,1468
28,1482
28,1487
28,1525
28,1528
28,1530
28,1535
28,1536
28,1538
28,1544
28,1545
28,1552
28,1553
28,1560
28,1562
28,1565
28,1568
28,1576
28,1587
28,1597
28,1600
28,1602
28,1609
28,1611
28,1623
28,1626
28,1627
28,1634
28,1635
28,1636
28,1639
28,1642
28,1647
28,1652
28,1666
28,1668
28,1687
28,1688
28,1700
28,1702
28,1715
28,1724
28,1728
28,1748
28,1749
28,1752
28,1753
28,1782
28,1785
28,1789
28,1808
28,1816
28,1818
28,1828
28,1830
28,1833
28,1836
28,1848
28,1853
28,1869
28,1881
28,1888
28,1899
28,1910
28,1924
28,1928
28,1938
28,1942
28,1948
28,1966
29,4
29,18
29,21
29,30
29,33
29,34
29,39
29,45
29,46
29,48
29,52
29,53
29,64
29,68
29,84
29,96
29,97
29,98
29,99
29,107
29,114
29,123
29,132
29,140
29,145
29,148
29,155
29,159
29,161
29,162
29,163
29,167
29,169
29,173
29,176
29,183
29,191
29,192
29,193
29,196
29,199
29,200
29,203
29,214
29,215
29,218
29,223
29,227
29,230
29,232
29,234
29,235
29,247
29,250
29,254
29,255
29,263
29,267
29,271
29,274
29,283
29,288
29,296
29,300
29,303
29,309
29,310
29,319
29,334
29,339
29,346
29,354
29,360
29,363
29,366
29,367
29,377
29,383
29,387
29,389
29,390
29,391
29,392
29,405
29,411
29,412
29,419
29,439
29,444
29,446
29,452
29,463
29,469
29,471
29,485
29,498
29,502
29,506
29,511
29,513
29,519
29,525
29,532
29,538
29,541
29,548
29,566
29,569
29,573
29,577
29,582
29,583
29,585
29,586
29,587
29,590
29,593
29,599
29,602
29,604
29,606
29,609
29,618
29,622
29,625
29,630
29,633
29,647
29,648
29,659
29,660
29,673
29,675
29,683
29,684
29,686
29,687
29,695
29,701
29,702
29,704
29,705
29,708
29,720
29,724
29,725
29,726
29,730
29,738
29,740
29,742
29,746
29,748
29,754
29,755
29,760
29,765
29,766
29,767
29,774
29,782
29,790
29,795
29,798
29,803
29,804
29,810
29,813
29,814
29,815
29,819
29,820
29,828
29,835
29,838
29,845
29,855
29,861
29,868
29,869
29,879
29,881
29,886
29,892
29,907
29,909
29,911
29,913
29,915
29,919
29,927
29,928
29,930
29,933
29,939
29,942
29,943
29,954
29,956
29,957
29,965
29,967
29,968
29,970
29,985
29,986
29,987
29,994
29,1024
29,1028
29,1032
29,1035
29,1046
29,1064
29,1065
29,1071
29,1074
29,1079
29,1084
29,1095
29,1100
29,1120
29,1128
29,1141
29,1157
29,1158
29,1165
29,1168
29,1186
29,1188
29,1194
29,1198
29,1212
29,1216
29,1218
29,1219
29,1225
29,1237
29,1238
29,1239
29,1248
29,1255
29,1259
29,1261
29,1270
29,1274
29,1282
29,1294
29,1303
29,1307
29,1319
29,1349
29,1361
29,1381
29,1382
29,1385
29,1388
29,1393
29,1394
29,1395
29,1401
29,1402
29,1409
29,1412
29,1416
29,1422
29,1424
29,1426
29,1433
29,1439
29,1440
29,1455
29,1456
29,1473
29,1489
29,1490
29,1492
29,1499
29,1506
29,1508
29,1526
29,1528
29,1530
29,1533
29,1539
29,1541
29,1543
29,1550
29,1554
29,1575
29,1576
29,1584
29,1597
29,1598
29,1603
29,1615
29,1622
29,1631
29,1639
29,1642
29,1656
29,1666
29,1667
29,1678
29,1684
29,1691
29,1692
29,1704
29,1706
29,1714
29,1717
29,1719
29,1729
29,1731
29,1738
29,1750
29,1755
29,1761
29,1762
29,1764
29,1775
29,1776
29,1785
29,1787
29,1790
29,1799
29,1811
29,1820
29,1821
29,1824
29,1837
29,1840
29,1842
29,1857
29,1862
29,1885
29,1892
29,1914
29,1929
29,1934
29,1949
29,1950
29,1954
29,1971
29,1977
29,1981
29,1982
29,1986
29,1996
29,1997
30,10
30,13
30,16
30,21
30,25
30,26
30,27
30,31
30,32
30,34
30,39
30,49
30,60
30,69
30,79
30,82
30,88
30,91
30,93
30,94
30,96
30,98
30,99
30,100
30,104
30,106
30,112
30,117
30,122
30,125
30,126
30,130
30,135
30,141
30,142
30,144
30,151
30,152
30,153
30,154
30,163
30,164
30,169
30,170
30,173
30,185
30,188
30,195
30,196
30,202
30,204
30,205
30,208
30,211
30,213
30,214
30,219
30,222
30,223
30,225
30,226
30,231
30,237
30,238
30,240
30,244
30,247
30,250
30,251
30,253
30,260
30,262
30,271
30,272
30,276
30,280
30,281
30,283
30,286
30,287
30,288
30,290
30,297
30,298
30,300
30,318
30,325
30,336
30,340
30,347
30,360
30,362
30,369
30,372
30,375
30,377
30,379
30,383
30,384
30,386
30,391
30,392
30,395
30,397
30,400
30,405
30,406
30,412
30,413
30,415
30,418
30,423
30,424
30,426
30,432
30,442
30,446
30,447
30,451
30,454
30,455
30,458
30,462
30,464
30,472
30,478
30,479
30,491
30,492
30,500
30,502
30,503
30,505
30,506
30,511
30,513
30,517
30,522
30,523
30,525
30,529
30,532
30,540
30,544
30,549
30,557
30,571
30,576
30,583
30,585
30,589
30,590
30,593
30,594
30,595
30,598
30,600
30,601
30,604
30,607
30,615
30,616
30,619
30,626
30,628
30,632
30,633
30,636
30,637
30,638
30,643
30,652
30,653
30,654
30,657
30,658
30,659
30,660
30,662
30,664
30,668
30,671
30,682
30,683
30,685
30,691
30,692
30,697
30,699
30,701
30,702
30,707
30,712
30,713
30,716
30,720
30,726
30,727
30,729
30,730
30,731
30,732
30,734
30,735
30,737
30,738
30,748
30,750
30,751
30,754
30,755
30,758
30,759
30,763
30,768
30,774
30,777
30,778
30,781
30,788
30,790
30,794
30,805
30,806
30,820
30,822
30,823
30,824
30,826
30,827
30,833
30,837
30,841
30,843
30,848
30,852
30,858
30,860
30,861
30,870
30,873
30,878
30,883
30,894
30,897
30,898
30,899
30,900
30,902
30,903
30,907
30,910
30,917
30,921
30,922
30,926
30,931
30,932
30,935
30,939
30,942
30,944
30,945
30,956
30,960
30,964
30,965
30,966
30,978
30,985
30,988
30,994
30,995
30,996
30,997
30,998
30,1000
30,1017
30,1019
30,1035
30,1041
30,1066
30,1069
30,1117
30,1125
30,1127
30,1136
30,1141
30,1170
30,1173
30,1175
30,1191
30,1246
30,1301
30,1312
30,1313
30,1336
30,1357
30,1375
30,1376
30,1383
30,1417
30,1438
30,1451
30,1453
30,1462
30,1467
30,1475
30,1503
30,1508
30,1510
30,1526
30,1546
30,1554
30,1564
30,1567
30,1571
30,1598
30,1608
30,1611
30,1621
30,1638
30,1642
30,1650
30,1651
30,1652
30,1656
30,1659
30,1669
30,1690
30,1699
30,1729
30,1762
30,1773
30,1792
30,1802
30,1819
30,1834
30,1852
30,1874
30,1900
30,1904
30,1907
30,1912
30,1917
30,1926
30,1942
30,1946
30,1956
30,1979
